B16
M7
L1
(0,0)(0,0)(0,0)(0,0)(0,0)(0,0)(0,0)(0,0)(0,0)(0,0)(0,0)(0,0)(0,0)(0,0)(0,0)(0,0)(0,0)(0,0)(0,0)(0,0)(0,0)(0,0)(0,0)(0,0)(0,0)(0,0)(0,0)(0,0)(0,0)(0,0)(0,0)(0,0)(0,0)(0,0)(0,0)(0,0)(0,0)(0,0)(0,0)(0,0)
(0,0)(0,0)(0,0)(0,0)(0,0)(0,0)(0,0)(0,0)(0,0)(0,0)(0,0)(0,0)(0,0)(0,0)(0,0)(0,0)(0,0)(0,0)(0,0)(0,0)(0,0)(0,0)(0,0)(0,0)(0,0)(0,0)(0,0)(0,0)(0,0)(0,0)(0,0)(0,0)(0,0)(0,0)(0,0)(0,0)(0,0)(0,0)(0,0)(0,0)
(0,0)(0,0)(1,1)(1,1)(1,1)(1,1)(1,1)(1,1)(1,1)(1,1)(1,1)(1,1)(1,1)(1,1)(1,1)(1,1)(1,1)(1,1)(1,1)(1,1)(1,1)(1,1)(1,1)(1,1)(1,1)(1,1)(1,1)(1,1)(1,1)(1,1)(1,1)(1,1)(1,1)(1,1)(1,1)(1,1)(1,1)(1,1)(0,0)(0,0)
(0,0)(0,0)(1,9)(1,9)(1,9)(1,9)(1,9)(1,9)(1,9)(1,9)(1,9)(1,9)(1,9)(1,9)(1,9)(1,9)(1,9)(1,9)(1,9)(1,9)(1,9)(1,9)(1,9)(1,9)(1,9)(1,9)(1,9)(1,9)(1,9)(1,9)(1,9)(1,9)(1,9)(1,9)(1,9)(1,9)(1,9)(1,9)(0,0)(0,0)
(0,0)(0,0)(1,8)(1,8)(1,8)(1,8)(1,8)(1,8)(1,8)(1,8)(1,8)(1,8)(1,8)(1,8)(1,8)(1,8)(1,8)(1,8)(1,8)(1,8)(1,8)(1,8)(1,8)(1,8)(1,8)(1,8)(1,8)(1,8)(1,8)(1,8)(1,8)(1,8)(1,8)(1,8)(1,8)(1,8)(1,8)(1,8)(0,0)(0,0)
(0,0)(0,0)(1,7)(1,7)(1,7)(1,7)(1,7)(1,7)(1,7)(1,7)(1,7)(1,7)(1,7)(1,7)(1,7)(1,7)(1,7)(1,7)(1,7)(1,7)(1,7)(1,7)(1,7)(1,7)(1,7)(1,7)(1,7)(1,7)(1,7)(1,7)(1,7)(1,7)(1,7)(1,7)(1,7)(1,7)(1,7)(1,7)(0,0)(0,0)
(0,0)(0,0)(1,6)(1,6)(1,6)(1,6)(1,6)(1,6)(1,6)(1,6)(1,6)(1,6)(1,6)(1,6)(1,6)(1,6)(1,6)(1,6)(1,6)(1,6)(1,6)(1,6)(1,6)(1,6)(1,6)(1,6)(1,6)(1,6)(1,6)(1,6)(1,6)(1,6)(1,6)(1,6)(1,6)(1,6)(1,6)(1,6)(0,0)(0,0)
(0,0)(0,0)(1,5)(1,5)(1,5)(1,5)(1,5)(1,5)(1,5)(1,5)(1,5)(1,5)(1,5)(1,5)(1,5)(1,5)(1,5)(1,5)(1,5)(1,5)(1,5)(1,5)(1,5)(1,5)(1,5)(1,5)(1,5)(1,5)(1,5)(1,5)(1,5)(1,5)(1,5)(1,5)(1,5)(1,5)(1,5)(1,5)(0,0)(0,0)
(0,0)(0,0)(1,4)(1,4)(1,4)(1,4)(1,4)(1,4)(1,4)(1,4)(1,4)(1,4)(1,4)(1,4)(1,4)(1,4)(1,4)(1,4)(1,4)(1,4)(1,4)(1,4)(1,4)(1,4)(1,4)(1,4)(1,4)(1,4)(1,4)(1,4)(1,4)(1,4)(1,4)(1,4)(1,4)(1,4)(1,4)(1,4)(0,0)(0,0)
(0,0)(0,0)(1,3)(1,3)(1,3)(1,3)(1,3)(1,3)(1,3)(1,3)(1,3)(1,3)(1,3)(1,3)(1,3)(1,3)(1,3)(1,3)(1,3)(1,3)(1,3)(1,3)(1,3)(1,3)(1,3)(1,3)(1,3)(1,3)(1,3)(1,3)(1,3)(1,3)(1,3)(1,3)(1,3)(1,3)(1,3)(1,3)(0,0)(0,0)
(0,0)(0,0)(1,2)(1,2)(1,2)(1,2)(1,2)(1,2)(1,2)(1,2)(1,2)(1,2)(1,2)(1,2)(1,2)(1,2)(1,2)(1,2)(1,2)(1,2)(1,2)(1,2)(1,2)(1,2)(1,2)(1,2)(1,2)(1,2)(1,2)(1,2)(1,2)(1,2)(1,2)(1,2)(1,2)(1,2)(1,2)(1,2)(0,0)(0,0)
(0,0)(0,0)(0,0)(0,0)(0,0)(0,0)(0,0)(0,0)(0,0)(0,0)(0,0)(0,0)(0,0)(0,0)(0,0)(0,0)(0,0)(0,0)(0,0)(0,0)(0,0)(0,0)(0,0)(0,0)(0,0)(0,0)(0,0)(0,0)(0,0)(0,0)(0,0)(0,0)(0,0)(0,0)(0,0)(0,0)(0,0)(0,0)(0,0)(0,0)
(0,0)(0,0)(0,0)(0,0)(0,0)(0,0)(0,0)(0,0)(0,0)(0,0)(0,0)(0,0)(0,0)(0,0)(0,0)(0,0)(0,0)(0,0)(0,0)(0,0)(0,0)(0,0)(0,0)(0,0)(0,0)(0,0)(0,0)(0,0)(0,0)(0,0)(0,0)(0,0)(0,0)(0,0)(0,0)(0,0)(0,0)(0,0)(0,0)(0,0)
(0,0)(0,0)(0,0)(0,0)(0,0)(0,0)(0,0)(0,0)(0,0)(0,0)(0,0)(0,0)(0,0)(0,0)(0,0)(0,0)(0,0)(0,0)(0,0)(0,0)(0,0)(0,0)(0,0)(0,0)(0,0)(0,0)(0,0)(0,0)(0,0)(0,0)(0,0)(0,0)(0,0)(0,0)(0,0)(0,0)(0,0)(0,0)(0,0)(0,0)
(0,0)(0,0)(0,0)(0,0)(0,0)(0,0)(0,0)(0,0)(0,0)(0,0)(0,0)(0,0)(0,0)(0,0)(0,0)(0,0)(0,0)(0,0)(0,0)(0,0)(0,0)(0,0)(0,0)(0,0)(0,0)(0,0)(0,0)(0,0)(0,0)(0,0)(0,0)(0,0)(0,0)(0,0)(0,0)(0,0)(0,0)(0,0)(0,0)(0,0)
(0,0)(0,0)(0,0)(0,0)(0,0)(0,0)(0,0)(0,0)(0,0)(0,0)(0,0)(0,0)(0,0)(0,0)(0,0)(0,0)(0,0)(0,0)(0,0)(0,0)(0,0)(0,0)(0,0)(0,0)(0,0)(0,0)(0,0)(0,0)(0,0)(0,0)(0,0)(0,0)(0,0)(0,0)(0,0)(0,0)(0,0)(0,0)(0,0)(0,0)
(0,0)(0,0)(0,0)(0,0)(0,0)(0,0)(0,0)(0,0)(0,0)(0,0)(0,0)(0,0)(0,0)(0,0)(0,0)(0,0)(0,0)(0,0)(0,0)(0,0)(0,0)(0,0)(0,0)(0,0)(0,0)(0,0)(0,0)(0,0)(0,0)(0,0)(0,0)(0,0)(0,0)(0,0)(0,0)(0,0)(0,0)(0,0)(0,0)(0,0)
(0,0)(0,0)(0,0)(0,0)(0,0)(0,0)(0,0)(0,0)(0,0)(0,0)(0,0)(0,0)(0,0)(0,0)(0,0)(0,0)(0,0)(0,0)(0,0)(0,0)(0,0)(0,0)(0,0)(0,0)(0,0)(0,0)(0,0)(0,0)(0,0)(0,0)(0,0)(0,0)(0,0)(0,0)(0,0)(0,0)(0,0)(0,0)(0,0)(0,0)
(0,0)(0,0)(0,0)(0,0)(0,0)(0,0)(0,0)(0,0)(0,0)(0,0)(0,0)(0,0)(0,0)(0,0)(0,0)(0,0)(0,0)(0,0)(0,0)(0,0)(0,0)(0,0)(0,0)(0,0)(0,0)(0,0)(0,0)(0,0)(0,0)(0,0)(0,0)(0,0)(0,0)(0,0)(0,0)(0,0)(0,0)(0,0)(0,0)(0,0)
(0,0)(0,0)(0,0)(0,0)(0,0)(0,0)(0,0)(0,0)(0,0)(0,0)(0,0)(0,0)(0,0)(0,0)(0,0)(0,0)(0,0)(0,0)(0,0)(0,0)(0,0)(0,0)(0,0)(0,0)(0,0)(0,0)(0,0)(0,0)(0,0)(0,0)(0,0)(0,0)(0,0)(0,0)(0,0)(0,0)(0,0)(0,0)(0,0)(0,0)
(0,0)(0,0)(0,0)(0,0)(0,0)(0,0)(0,0)(0,0)(0,0)(0,0)(0,0)(0,0)(0,0)(0,0)(0,0)(0,0)(0,0)(0,0)(0,0)(0,0)(0,0)(0,0)(0,0)(0,0)(0,0)(0,0)(0,0)(0,0)(0,0)(0,0)(0,0)(0,0)(0,0)(0,0)(0,0)(0,0)(0,0)(0,0)(0,0)(0,0)
(0,0)(0,0)(0,0)(0,0)(0,0)(0,0)(0,0)(0,0)(0,0)(0,0)(0,0)(0,0)(0,0)(0,0)(0,0)(0,0)(0,0)(0,0)(0,0)(0,0)(0,0)(0,0)(0,0)(0,0)(0,0)(0,0)(0,0)(0,0)(0,0)(0,0)(0,0)(0,0)(0,0)(0,0)(0,0)(0,0)(0,0)(0,0)(0,0)(0,0)
(0,0)(0,0)(0,0)(0,0)(0,0)(0,0)(0,0)(0,0)(0,0)(0,0)(0,0)(0,0)(0,0)(0,0)(0,0)(0,0)(0,0)(0,0)(0,0)(0,0)(0,0)(0,0)(0,0)(0,0)(0,0)(0,0)(0,0)(0,0)(0,0)(0,0)(0,0)(0,0)(0,0)(0,0)(0,0)(0,0)(0,0)(0,0)(0,0)(0,0)
(0,0)(0,0)(0,0)(0,0)(0,0)(0,0)(0,0)(0,0)(0,0)(0,0)(0,0)(0,0)(0,0)(0,0)(0,0)(0,0)(0,0)(0,0)(0,0)(0,0)(0,0)(0,0)(0,0)(0,0)(0,0)(0,0)(0,0)(0,0)(0,0)(0,0)(0,0)(0,0)(0,0)(0,0)(0,0)(0,0)(0,0)(0,0)(0,0)(0,0)
(0,0)(0,0)(0,0)(0,0)(0,0)(0,0)(0,0)(0,0)(0,0)(0,0)(0,0)(0,0)(0,0)(0,0)(0,0)(0,0)(0,0)(0,0)(0,0)(0,0)(0,0)(0,0)(0,0)(0,0)(0,0)(0,0)(0,0)(0,0)(0,0)(0,0)(0,0)(0,0)(0,0)(0,0)(0,0)(0,0)(0,0)(0,0)(0,0)(0,0)
(0,0)(0,0)(0,0)(0,0)(0,0)(0,0)(0,0)(0,0)(0,0)(0,0)(0,0)(0,0)(0,0)(0,0)(0,0)(0,0)(0,0)(0,0)(0,0)(0,0)(0,0)(0,0)(0,0)(0,0)(0,0)(0,0)(0,0)(0,0)(0,0)(0,0)(0,0)(0,0)(0,0)(0,0)(0,0)(0,0)(0,0)(0,0)(0,0)(0,0)
(0,0)(0,0)(0,0)(0,0)(0,0)(0,0)(0,0)(0,0)(0,0)(0,0)(0,0)(0,0)(0,0)(0,0)(0,0)(0,0)(0,0)(0,0)(0,0)(0,0)(0,0)(0,0)(0,0)(0,0)(0,0)(0,0)(0,0)(0,0)(0,0)(0,0)(0,0)(0,0)(0,0)(0,0)(0,0)(0,0)(0,0)(0,0)(0,0)(0,0)
(0,0)(0,0)(0,0)(0,0)(0,0)(0,0)(0,0)(0,0)(0,0)(0,0)(0,0)(0,0)(0,0)(0,0)(0,0)(0,0)(0,0)(0,0)(0,0)(0,0)(0,0)(0,0)(0,0)(0,0)(0,0)(0,0)(0,0)(0,0)(0,0)(0,0)(0,0)(0,0)(0,0)(0,0)(0,0)(0,0)(0,0)(0,0)(0,0)(0,0)
(0,0)(0,0)(0,0)(0,0)(0,0)(0,0)(0,0)(0,0)(0,0)(0,0)(0,0)(0,0)(0,0)(0,0)(0,0)(0,0)(0,0)(0,0)(0,0)(0,0)(0,0)(0,0)(0,0)(0,0)(0,0)(0,0)(0,0)(0,0)(0,0)(0,0)(0,0)(0,0)(0,0)(0,0)(0,0)(0,0)(0,0)(0,0)(0,0)(0,0)
(0,0)(0,0)(0,0)(0,0)(0,0)(0,0)(0,0)(0,0)(0,0)(0,0)(0,0)(0,0)(0,0)(0,0)(0,0)(0,0)(0,0)(0,0)(0,0)(0,0)(0,0)(0,0)(0,0)(0,0)(0,0)(0,0)(0,0)(0,0)(0,0)(0,0)(0,0)(0,0)(0,0)(0,0)(0,0)(0,0)(0,0)(0,0)(0,0)(0,0)

L2
(0,0)(0,0)(0,0)(0,0)(0,0)(0,0)(0,0)(0,0)(0,0)(0,0)(0,0)(0,0)(0,0)(0,0)(0,0)(0,0)(0,0)(0,0)(0,0)(0,0)(0,0)(0,0)(0,0)(0,0)(0,0)(0,0)(0,0)(0,0)(0,0)(0,0)(0,0)(0,0)(0,0)(0,0)(0,0)(0,0)(0,0)(0,0)(0,0)(0,0)
(0,0)(0,0)(0,0)(0,0)(0,0)(0,0)(0,0)(0,0)(0,0)(0,0)(0,0)(0,0)(0,0)(0,0)(0,0)(0,0)(0,0)(0,0)(0,0)(0,0)(0,0)(0,0)(0,0)(0,0)(0,0)(0,0)(0,0)(0,0)(0,0)(0,0)(0,0)(0,0)(0,0)(0,0)(0,0)(0,0)(0,0)(0,0)(0,0)(0,0)
(0,0)(0,0)(1,1)(1,1)(1,1)(1,1)(1,1)(1,1)(1,1)(1,1)(1,1)(1,1)(1,1)(1,1)(1,1)(1,1)(1,1)(1,1)(1,1)(1,1)(1,1)(1,1)(1,1)(1,1)(1,1)(1,1)(1,1)(1,1)(1,1)(1,1)(1,1)(1,1)(1,1)(1,1)(1,1)(1,1)(1,1)(1,1)(0,0)(0,0)
(0,0)(0,0)(1,1)(0,0)(0,0)(0,0)(0,0)(0,0)(0,0)(0,0)(0,0)(0,0)(0,0)(0,0)(0,0)(0,0)(0,0)(0,0)(0,0)(0,0)(0,0)(0,0)(0,0)(0,0)(0,0)(0,0)(0,0)(0,0)(0,0)(0,0)(0,0)(0,0)(0,0)(0,0)(0,0)(0,0)(0,0)(1,1)(0,0)(0,0)
(0,0)(0,0)(1,1)(1,2)(1,2)(1,1)(1,8)(1,8)(1,1)(1,8)(1,8)(1,1)(1,8)(1,8)(1,8)(1,8)(1,8)(1,8)(1,8)(1,8)(1,8)(1,8)(1,8)(1,8)(1,8)(1,8)(1,8)(1,8)(1,1)(1,8)(1,8)(1,1)(1,8)(1,8)(1,1)(1,2)(1,2)(1,1)(0,0)(0,0)
(0,0)(0,0)(1,1)(1,2)(1,2)(1,1)(1,3)(1,3)(1,1)(1,7)(1,7)(1,1)(1,8)(1,8)(1,8)(1,8)(1,8)(1,8)(1,8)(1,8)(1,8)(1,8)(1,8)(1,8)(1,8)(1,8)(1,8)(1,8)(1,1)(1,7)(1,7)(1,1)(1,3)(1,3)(1,1)(1,2)(1,2)(1,1)(0,0)(0,0)
(0,0)(0,0)(1,1)(1,2)(1,2)(1,1)(1,3)(1,3)(1,1)(1,6)(1,6)(1,1)(1,7)(1,7)(1,7)(1,7)(1,7)(1,7)(1,7)(1,7)(1,7)(1,7)(1,7)(1,7)(1,7)(1,7)(1,7)(1,7)(1,1)(1,6)(1,6)(1,1)(1,3)(1,3)(1,1)(1,2)(1,2)(1,1)(0,0)(0,0)
(0,0)(0,0)(1,1)(1,2)(1,2)(1,1)(1,3)(1,3)(1,1)(1,6)(1,6)(1,1)(1,7)(1,7)(1,7)(1,7)(1,7)(1,7)(1,7)(1,7)(1,7)(1,7)(1,7)(1,7)(1,7)(1,7)(1,7)(1,7)(1,1)(1,6)(1,6)(1,1)(1,3)(1,3)(1,1)(1,2)(1,2)(1,1)(0,0)(0,0)
(0,0)(0,0)(1,1)(1,2)(1,2)(1,1)(1,3)(1,3)(1,1)(1,6)(1,6)(1,1)(1,6)(1,6)(1,6)(1,6)(1,6)(1,6)(1,6)(1,6)(1,6)(1,6)(1,6)(1,6)(1,6)(1,6)(1,6)(1,6)(1,1)(1,6)(1,6)(1,1)(1,3)(1,3)(1,1)(1,2)(1,2)(1,1)(0,0)(0,0)
(0,0)(0,0)(1,1)(1,2)(1,2)(1,1)(1,3)(1,3)(1,1)(1,3)(1,3)(1,1)(1,6)(1,6)(1,6)(1,6)(1,6)(1,6)(1,6)(1,6)(1,6)(1,6)(1,6)(1,6)(1,6)(1,6)(1,6)(1,6)(1,1)(1,3)(1,3)(1,1)(1,3)(1,3)(1,1)(1,2)(1,2)(1,1)(0,0)(0,0)
(0,0)(0,0)(1,1)(1,2)(1,2)(1,1)(1,3)(1,3)(1,1)(1,3)(1,3)(1,1)(1,6)(1,6)(1,6)(1,6)(1,6)(1,6)(1,6)(1,6)(1,6)(1,6)(1,6)(1,6)(1,6)(1,6)(1,6)(1,6)(1,1)(1,3)(1,3)(1,1)(1,3)(1,3)(1,1)(1,2)(1,2)(1,1)(0,0)(0,0)
(0,0)(0,0)(1,1)(1,2)(1,2)(1,1)(1,3)(1,3)(1,1)(1,3)(1,3)(1,1)(1,6)(1,6)(1,6)(1,6)(1,6)(1,6)(1,6)(1,6)(1,6)(1,6)(1,6)(1,6)(1,6)(1,6)(1,6)(1,6)(1,1)(1,3)(1,3)(1,1)(1,3)(1,3)(1,1)(1,2)(1,2)(1,1)(0,0)(0,0)
(0,0)(0,0)(1,1)(1,2)(1,2)(1,1)(1,3)(1,3)(1,1)(1,3)(1,3)(1,1)(1,3)(1,3)(1,3)(1,3)(1,3)(1,3)(1,3)(1,3)(1,3)(1,3)(1,3)(1,3)(1,3)(1,3)(1,3)(1,3)(1,1)(1,3)(1,3)(1,1)(1,3)(1,3)(1,1)(1,2)(1,2)(1,1)(0,0)(0,0)
(0,0)(0,0)(1,1)(1,2)(1,2)(1,1)(1,2)(1,2)(1,1)(1,2)(1,2)(1,1)(1,3)(1,3)(1,3)(1,3)(1,3)(1,3)(1,3)(1,3)(1,3)(1,3)(1,3)(1,3)(1,3)(1,3)(1,3)(1,3)(1,1)(1,2)(1,2)(1,1)(1,2)(1,2)(1,1)(1,2)(1,2)(1,1)(0,0)(0,0)
(0,0)(0,0)(1,1)(1,2)(1,2)(1,1)(1,2)(1,2)(1,1)(1,2)(1,2)(1,1)(1,2)(1,2)(1,2)(1,2)(1,2)(1,2)(1,2)(1,2)(1,2)(1,2)(1,2)(1,2)(1,2)(1,2)(1,2)(1,2)(1,1)(1,2)(1,2)(1,1)(1,2)(1,2)(1,1)(1,2)(1,2)(1,1)(0,0)(0,0)
(0,0)(0,0)(0,0)(0,0)(0,0)(0,0)(0,0)(0,0)(0,0)(0,0)(0,0)(0,0)(0,0)(0,0)(0,0)(0,0)(0,0)(0,0)(0,0)(0,0)(0,0)(0,0)(0,0)(0,0)(0,0)(0,0)(0,0)(0,0)(0,0)(0,0)(0,0)(0,0)(0,0)(0,0)(0,0)(0,0)(0,0)(0,0)(0,0)(0,0)
(0,0)(0,0)(0,0)(0,0)(0,0)(0,0)(0,0)(0,0)(0,0)(0,0)(0,0)(0,0)(0,0)(0,0)(0,0)(0,0)(0,0)(0,0)(0,0)(0,0)(0,0)(0,0)(0,0)(0,0)(0,0)(0,0)(0,0)(0,0)(0,0)(0,0)(0,0)(0,0)(0,0)(0,0)(0,0)(0,0)(0,0)(0,0)(0,0)(0,0)
(0,0)(0,0)(0,0)(0,0)(0,0)(0,0)(0,0)(0,0)(0,0)(0,0)(0,0)(0,0)(0,0)(0,0)(0,0)(0,0)(0,0)(0,0)(0,0)(0,0)(0,0)(0,0)(0,0)(0,0)(0,0)(0,0)(0,0)(0,0)(0,0)(0,0)(0,0)(0,0)(0,0)(0,0)(0,0)(0,0)(0,0)(0,0)(0,0)(0,0)
(0,0)(0,0)(0,0)(0,0)(0,0)(0,0)(0,0)(0,0)(0,0)(0,0)(0,0)(0,0)(0,0)(0,0)(0,0)(0,0)(0,0)(0,0)(0,0)(0,0)(0,0)(0,0)(0,0)(0,0)(0,0)(0,0)(0,0)(0,0)(0,0)(0,0)(0,0)(0,0)(0,0)(0,0)(0,0)(0,0)(0,0)(0,0)(0,0)(0,0)
(0,0)(0,0)(0,0)(0,0)(0,0)(0,0)(0,0)(0,0)(0,0)(0,0)(0,0)(0,0)(0,0)(0,0)(0,0)(0,0)(0,0)(0,0)(0,0)(0,0)(0,0)(0,0)(0,0)(0,0)(0,0)(0,0)(0,0)(0,0)(0,0)(0,0)(0,0)(0,0)(0,0)(0,0)(0,0)(0,0)(0,0)(0,0)(0,0)(0,0)
(0,0)(0,0)(0,0)(0,0)(0,0)(0,0)(0,0)(0,0)(0,0)(0,0)(0,0)(0,0)(0,0)(0,0)(0,0)(0,0)(0,0)(0,0)(0,0)(0,0)(0,0)(0,0)(0,0)(0,0)(0,0)(0,0)(0,0)(0,0)(0,0)(0,0)(0,0)(0,0)(0,0)(0,0)(0,0)(0,0)(0,0)(0,0)(0,0)(0,0)
(0,0)(0,0)(0,0)(0,0)(0,0)(0,0)(0,0)(0,0)(0,0)(0,0)(0,0)(0,0)(0,0)(0,0)(0,0)(0,0)(0,0)(0,0)(0,0)(0,0)(0,0)(0,0)(0,0)(0,0)(0,0)(0,0)(0,0)(0,0)(0,0)(0,0)(0,0)(0,0)(0,0)(0,0)(0,0)(0,0)(0,0)(0,0)(0,0)(0,0)
(0,0)(0,0)(0,0)(0,0)(0,0)(0,0)(0,0)(0,0)(0,0)(0,0)(0,0)(0,0)(0,0)(0,0)(0,0)(0,0)(0,0)(0,0)(0,0)(0,0)(0,0)(0,0)(0,0)(0,0)(0,0)(0,0)(0,0)(0,0)(0,0)(0,0)(0,0)(0,0)(0,0)(0,0)(0,0)(0,0)(0,0)(0,0)(0,0)(0,0)
(0,0)(0,0)(0,0)(0,0)(0,0)(0,0)(0,0)(0,0)(0,0)(0,0)(0,0)(0,0)(0,0)(0,0)(0,0)(0,0)(0,0)(0,0)(0,0)(0,0)(0,0)(0,0)(0,0)(0,0)(0,0)(0,0)(0,0)(0,0)(0,0)(0,0)(0,0)(0,0)(0,0)(0,0)(0,0)(0,0)(0,0)(0,0)(0,0)(0,0)
(0,0)(0,0)(0,0)(0,0)(0,0)(0,0)(0,0)(0,0)(0,0)(0,0)(0,0)(0,0)(0,0)(0,0)(0,0)(0,0)(0,0)(0,0)(0,0)(0,0)(0,0)(0,0)(0,0)(0,0)(0,0)(0,0)(0,0)(0,0)(0,0)(0,0)(0,0)(0,0)(0,0)(0,0)(0,0)(0,0)(0,0)(0,0)(0,0)(0,0)
(0,0)(0,0)(0,0)(0,0)(0,0)(0,0)(0,0)(0,0)(0,0)(0,0)(0,0)(0,0)(0,0)(0,0)(0,0)(0,0)(0,0)(0,0)(0,0)(0,0)(0,0)(0,0)(0,0)(0,0)(0,0)(0,0)(0,0)(0,0)(0,0)(0,0)(0,0)(0,0)(0,0)(0,0)(0,0)(0,0)(0,0)(0,0)(0,0)(0,0)
(0,0)(0,0)(0,0)(0,0)(0,0)(0,0)(0,0)(0,0)(0,0)(0,0)(0,0)(0,0)(0,0)(0,0)(0,0)(0,0)(0,0)(0,0)(0,0)(0,0)(0,0)(0,0)(0,0)(0,0)(0,0)(0,0)(0,0)(0,0)(0,0)(0,0)(0,0)(0,0)(0,0)(0,0)(0,0)(0,0)(0,0)(0,0)(0,0)(0,0)
(0,0)(0,0)(0,0)(0,0)(0,0)(0,0)(0,0)(0,0)(0,0)(0,0)(0,0)(0,0)(0,0)(0,0)(0,0)(0,0)(0,0)(0,0)(0,0)(0,0)(0,0)(0,0)(0,0)(0,0)(0,0)(0,0)(0,0)(0,0)(0,0)(0,0)(0,0)(0,0)(0,0)(0,0)(0,0)(0,0)(0,0)(0,0)(0,0)(0,0)
(0,0)(0,0)(0,0)(0,0)(0,0)(0,0)(0,0)(0,0)(0,0)(0,0)(0,0)(0,0)(0,0)(0,0)(0,0)(0,0)(0,0)(0,0)(0,0)(0,0)(0,0)(0,0)(0,0)(0,0)(0,0)(0,0)(0,0)(0,0)(0,0)(0,0)(0,0)(0,0)(0,0)(0,0)(0,0)(0,0)(0,0)(0,0)(0,0)(0,0)
(0,0)(0,0)(0,0)(0,0)(0,0)(0,0)(0,0)(0,0)(0,0)(0,0)(0,0)(0,0)(0,0)(0,0)(0,0)(0,0)(0,0)(0,0)(0,0)(0,0)(0,0)(0,0)(0,0)(0,0)(0,0)(0,0)(0,0)(0,0)(0,0)(0,0)(0,0)(0,0)(0,0)(0,0)(0,0)(0,0)(0,0)(0,0)(0,0)(0,0)

L3
(0,0)(0,0)(0,0)(0,0)(0,0)(0,0)(0,0)(0,0)(0,0)(0,0)(0,0)(0,0)(0,0)(0,0)(0,0)(0,0)(0,0)(0,0)(0,0)(0,0)(0,0)(0,0)(0,0)(0,0)(0,0)(0,0)(0,0)(0,0)(0,0)(0,0)(0,0)(0,0)(0,0)(0,0)(0,0)(0,0)(0,0)(0,0)(0,0)(0,0)
(0,0)(0,0)(0,0)(0,0)(0,0)(0,0)(0,0)(0,0)(0,0)(0,0)(0,0)(0,0)(0,0)(0,0)(0,0)(0,0)(0,0)(0,0)(0,0)(0,0)(0,0)(0,0)(0,0)(0,0)(0,0)(0,0)(0,0)(0,0)(0,0)(0,0)(0,0)(0,0)(0,0)(0,0)(0,0)(0,0)(0,0)(0,0)(0,0)(0,0)
(0,0)(0,0)(1,1)(1,1)(1,1)(1,1)(1,1)(1,1)(1,9)(1,1)(1,1)(1,1)(1,1)(1,1)(1,1)(1,1)(1,1)(1,9)(1,1)(1,1)(1,1)(1,1)(1,9)(1,1)(1,1)(1,1)(1,1)(1,1)(1,1)(1,1)(1,1)(1,9)(1,1)(1,1)(1,1)(1,1)(1,1)(1,1)(0,0)(0,0)
(0,0)(0,0)(1,9)(1,1)(1,1)(1,1)(1,1)(1,9)(1,9)(1,9)(1,1)(1,1)(1,1)(1,1)(1,1)(1,1)(1,9)(1,9)(1,9)(1,1)(1,1)(1,9)(1,9)(1,9)(1,1)(1,1)(1,1)(1,1)(1,1)(1,1)(1,9)(1,9)(1,9)(1,1)(1,1)(1,1)(1,1)(1,9)(0,0)(0,0)
(0,0)(0,0)(1,8)(1,9)(1,1)(1,1)(1,9)(1,8)(1,8)(1,8)(1,9)(1,1)(1,1)(1,1)(1,1)(1,9)(1,8)(1,8)(1,9)(1,1)(1,1)(1,9)(1,8)(1,8)(1,9)(1,1)(1,1)(1,1)(1,1)(1,9)(1,8)(1,8)(1,8)(1,9)(1,1)(1,1)(1,9)(1,8)(0,0)(0,0)
(0,0)(0,0)(1,8)(1,8)(1,1)(1,1)(1,8)(1,8)(1,8)(1,8)(1,8)(1,1)(1,1)(1,1)(1,1)(1,8)(1,7)(1,8)(1,9)(1,1)(1,1)(1,9)(1,8)(1,7)(1,8)(1,1)(1,1)(1,1)(1,1)(1,8)(1,8)(1,8)(1,8)(1,8)(1,1)(1,1)(1,8)(1,8)(0,0)(0,0)
(0,0)(0,0)(1,7)(1,8)(1,8)(1,8)(1,8)(1,7)(0,0)(0,0)(1,8)(1,9)(1,1)(1,1)(1,9)(1,8)(1,7)(1,8)(1,9)(1,1)(1,1)(1,9)(1,8)(1,7)(1,8)(1,9)(1,1)(1,1)(1,9)(1,8)(0,0)(0,0)(1,7)(1,8)(1,8)(1,8)(1,8)(1,7)(0,0)(0,0)
(0,0)(0,0)(0,0)(1,7)(1,8)(1,8)(1,7)(1,7)(0,0)(0,0)(0,0)(1,8)(1,1)(1,1)(1,8)(0,0)(1,7)(1,8)(1,9)(1,1)(1,1)(1,9)(1,8)(1,7)(0,0)(1,8)(1,1)(1,1)(1,8)(0,0)(0,0)(0,0)(1,7)(1,7)(1,8)(1,8)(1,7)(0,0)(0,0)(0,0)
(0,0)(0,0)(0,0)(0,0)(1,8)(1,8)(1,7)(1,7)(0,0)(0,0)(0,0)(1,8)(1,1)(1,1)(1,8)(0,0)(1,7)(1,8)(1,9)(1,1)(1,1)(1,9)(1,8)(1,7)(0,0)(1,8)(1,1)(1,1)(1,8)(0,0)(0,0)(0,0)(1,7)(1,7)(1,8)(1,8)(0,0)(0,0)(0,0)(0,0)
(0,0)(0,0)(0,0)(0,0)(1,7)(1,7)(1,7)(1,7)(0,0)(0,0)(0,0)(1,8)(1,8)(1,8)(1,8)(0,0)(0,0)(1,7)(1,8)(1,1)(1,1)(1,8)(1,7)(0,0)(0,0)(1,8)(1,8)(1,8)(1,8)(0,0)(0,0)(0,0)(1,7)(1,7)(1,7)(1,7)(0,0)(0,0)(0,0)(0,0)
(0,0)(0,0)(0,0)(0,0)(0,0)(1,7)(1,7)(1,7)(0,0)(0,0)(0,0)(0,0)(1,8)(1,8)(0,0)(0,0)(0,0)(1,7)(1,7)(1,8)(1,8)(1,7)(1,7)(0,0)(0,0)(0,0)(1,8)(1,8)(0,0)(0,0)(0,0)(0,0)(1,7)(1,7)(1,7)(0,0)(0,0)(0,0)(0,0)(0,0)
(0,0)(0,0)(1,1)(1,8)(0,0)(0,0)(1,7)(1,7)(0,0)(0,0)(0,0)(0,0)(0,0)(0,0)(0,0)(0,0)(0,0)(1,7)(1,7)(0,0)(0,0)(1,7)(1,7)(0,0)(0,0)(0,0)(0,0)(0,0)(0,0)(0,0)(0,0)(0,0)(1,7)(1,7)(0,0)(0,0)(1,8)(1,1)(0,0)(0,0)
(0,0)(0,0)(1,1)(1,8)(0,0)(0,0)(0,0)(1,7)(0,0)(0,0)(0,0)(0,0)(0,0)(0,0)(0,0)(0,0)(1,7)(1,7)(1,7)(0,0)(0,0)(1,7)(1,7)(1,7)(0,0)(0,0)(0,0)(0,0)(0,0)(0,0)(0,0)(0,0)(1,7)(0,0)(0,0)(0,0)(1,8)(1,1)(0,0)(0,0)
(0,0)(0,0)(1,1)(1,8)(0,0)(0,0)(0,0)(1,7)(1,7)(0,0)(0,0)(0,0)(0,0)(0,0)(0,0)(1,7)(1,7)(1,8)(1,8)(1,8)(1,8)(1,8)(1,8)(1,7)(1,7)(0,0)(0,0)(0,0)(0,0)(0,0)(0,0)(1,7)(1,7)(0,0)(0,0)(0,0)(1,8)(1,1)(0,0)(0,0)
(0,0)(0,0)(1,1)(0,0)(0,0)(0,0)(0,0)(1,7)(1,7)(1,7)(0,0)(0,0)(0,0)(0,0)(1,7)(1,7)(1,8)(1,1)(1,9)(1,8)(1,8)(1,9)(1,1)(1,8)(1,7)(1,7)(0,0)(0,0)(0,0)(0,0)(1,7)(1,7)(1,7)(0,0)(0,0)(0,0)(0,0)(1,1)(0,0)(0,0)
(0,0)(0,0)(1,1)(0,0)(0,0)(0,0)(0,0)(1,7)(1,8)(1,7)(1,7)(0,0)(0,0)(1,7)(1,7)(1,8)(1,9)(1,1)(1,9)(1,9)(1,9)(1,9)(1,1)(1,9)(1,8)(1,7)(1,7)(0,0)(0,0)(1,7)(1,7)(1,8)(1,7)(0,0)(0,0)(0,0)(0,0)(1,1)(0,0)(0,0)
(0,0)(0,0)(1,1)(0,0)(0,0)(0,0)(1,7)(1,8)(1,1)(1,8)(1,7)(1,7)(1,7)(1,7)(1,8)(1,9)(1,1)(1,1)(1,9)(1,9)(1,9)(1,9)(1,1)(1,1)(1,9)(1,8)(1,7)(1,7)(1,7)(1,7)(1,8)(1,1)(1,8)(1,7)(0,0)(0,0)(0,0)(0,0)(0,0)(0,0)
(0,0)(0,0)(0,0)(0,0)(0,0)(1,7)(1,8)(1,1)(1,1)(1,1)(1,8)(1,7)(1,7)(1,8)(1,9)(1,1)(1,1)(1,1)(1,1)(1,9)(1,9)(1,1)(1,1)(1,1)(1,1)(1,9)(1,8)(1,7)(1,7)(1,8)(1,1)(1,1)(1,1)(1,8)(1,7)(0,0)(0,0)(0,0)(0,0)(0,0)
(0,0)(0,0)(0,0)(0,0)(0,0)(1,8)(1,1)(1,1)(1,1)(1,1)(1,1)(1,8)(1,8)(1,1)(1,1)(1,1)(1,1)(1,1)(1,1)(1,1)(1,1)(1,1)(1,1)(1,1)(1,1)(1,1)(1,1)(1,8)(1,8)(1,1)(1,1)(1,1)(1,1)(1,1)(1,8)(0,0)(0,0)(0,0)(0,0)(0,0)
(0,0)(0,0)(0,0)(0,0)(0,0)(0,0)(0,0)(0,0)(0,0)(0,0)(0,0)(0,0)(0,0)(0,0)(0,0)(0,0)(0,0)(0,0)(0,0)(0,0)(0,0)(0,0)(0,0)(0,0)(0,0)(0,0)(0,0)(0,0)(0,0)(0,0)(0,0)(0,0)(0,0)(0,0)(0,0)(0,0)(0,0)(0,0)(0,0)(0,0)
(0,0)(0,0)(0,0)(0,0)(0,0)(0,0)(0,0)(0,0)(0,0)(0,0)(0,0)(0,0)(0,0)(0,0)(0,0)(0,0)(0,0)(0,0)(0,0)(0,0)(0,0)(0,0)(0,0)(0,0)(0,0)(0,0)(0,0)(0,0)(0,0)(0,0)(0,0)(0,0)(0,0)(0,0)(0,0)(0,0)(0,0)(0,0)(0,0)(0,0)
(0,0)(0,0)(0,0)(0,0)(0,0)(0,0)(0,0)(0,0)(0,0)(0,0)(0,0)(0,0)(0,0)(0,0)(0,0)(0,0)(0,0)(0,0)(0,0)(0,0)(0,0)(0,0)(0,0)(0,0)(0,0)(0,0)(0,0)(0,0)(0,0)(0,0)(0,0)(0,0)(0,0)(0,0)(0,0)(0,0)(0,0)(0,0)(0,0)(0,0)
(0,0)(0,0)(0,0)(0,0)(0,0)(0,0)(0,0)(0,0)(0,0)(0,0)(0,0)(0,0)(0,0)(0,0)(0,0)(0,0)(0,0)(0,0)(0,0)(0,0)(0,0)(0,0)(0,0)(0,0)(0,0)(0,0)(0,0)(0,0)(0,0)(0,0)(0,0)(0,0)(0,0)(0,0)(0,0)(0,0)(0,0)(0,0)(0,0)(0,0)
(0,0)(0,0)(0,0)(0,0)(0,0)(0,0)(0,0)(0,0)(0,0)(0,0)(0,0)(0,0)(0,0)(0,0)(0,0)(0,0)(0,0)(0,0)(0,0)(0,0)(0,0)(0,0)(0,0)(0,0)(0,0)(0,0)(0,0)(0,0)(0,0)(0,0)(0,0)(0,0)(0,0)(0,0)(0,0)(0,0)(0,0)(0,0)(0,0)(0,0)
(0,0)(0,0)(0,0)(0,0)(0,0)(0,0)(0,0)(0,0)(0,0)(0,0)(0,0)(0,0)(0,0)(0,0)(0,0)(0,0)(0,0)(0,0)(0,0)(0,0)(0,0)(0,0)(0,0)(0,0)(0,0)(0,0)(0,0)(0,0)(0,0)(0,0)(0,0)(0,0)(0,0)(0,0)(0,0)(0,0)(0,0)(0,0)(0,0)(0,0)
(0,0)(0,0)(0,0)(0,0)(0,0)(0,0)(0,0)(0,0)(0,0)(0,0)(0,0)(0,0)(0,0)(0,0)(0,0)(0,0)(0,0)(0,0)(0,0)(0,0)(0,0)(0,0)(0,0)(0,0)(0,0)(0,0)(0,0)(0,0)(0,0)(0,0)(0,0)(0,0)(0,0)(0,0)(0,0)(0,0)(0,0)(0,0)(0,0)(0,0)
(0,0)(0,0)(0,0)(0,0)(0,0)(0,0)(0,0)(0,0)(0,0)(0,0)(0,0)(0,0)(0,0)(0,0)(0,0)(0,0)(0,0)(0,0)(0,0)(0,0)(0,0)(0,0)(0,0)(0,0)(0,0)(0,0)(0,0)(0,0)(0,0)(0,0)(0,0)(0,0)(0,0)(0,0)(0,0)(0,0)(0,0)(0,0)(0,0)(0,0)
(0,0)(0,0)(0,0)(0,0)(0,0)(0,0)(0,0)(0,0)(0,0)(0,0)(0,0)(0,0)(0,0)(0,0)(0,0)(0,0)(0,0)(0,0)(0,0)(0,0)(0,0)(0,0)(0,0)(0,0)(0,0)(0,0)(0,0)(0,0)(0,0)(0,0)(0,0)(0,0)(0,0)(0,0)(0,0)(0,0)(0,0)(0,0)(0,0)(0,0)
(0,0)(0,0)(0,0)(0,0)(0,0)(0,0)(0,0)(0,0)(0,0)(0,0)(0,0)(0,0)(0,0)(0,0)(0,0)(0,0)(0,0)(0,0)(0,0)(0,0)(0,0)(0,0)(0,0)(0,0)(0,0)(0,0)(0,0)(0,0)(0,0)(0,0)(0,0)(0,0)(0,0)(0,0)(0,0)(0,0)(0,0)(0,0)(0,0)(0,0)
(0,0)(0,0)(0,0)(0,0)(0,0)(0,0)(0,0)(0,0)(0,0)(0,0)(0,0)(0,0)(0,0)(0,0)(0,0)(0,0)(0,0)(0,0)(0,0)(0,0)(0,0)(0,0)(0,0)(0,0)(0,0)(0,0)(0,0)(0,0)(0,0)(0,0)(0,0)(0,0)(0,0)(0,0)(0,0)(0,0)(0,0)(0,0)(0,0)(0,0)

L4
(0,0)(0,0)(0,0)(0,0)(0,0)(0,0)(0,0)(0,0)(0,0)(0,0)(0,0)(0,0)(0,0)(0,0)(0,0)(0,0)(0,0)(0,0)(0,0)(0,0)(0,0)(0,0)(0,0)(0,0)(0,0)(0,0)(0,0)(0,0)(0,0)(0,0)(0,0)(0,0)(0,0)(0,0)(0,0)(0,0)(0,0)(0,0)(0,0)(0,0)
(1,1)(1,1)(1,1)(1,1)(1,1)(1,1)(1,1)(1,1)(1,1)(1,1)(1,1)(1,1)(1,1)(1,1)(1,1)(1,1)(1,1)(1,1)(1,1)(1,1)(1,1)(1,1)(1,1)(1,1)(1,1)(1,1)(1,1)(1,1)(1,1)(1,1)(1,1)(1,1)(1,1)(1,1)(1,1)(1,1)(1,1)(1,1)(1,1)(1,1)
(1,1)(1,1)(1,1)(1,1)(1,1)(1,1)(1,1)(1,1)(1,1)(1,1)(1,1)(1,1)(1,1)(1,1)(1,1)(1,1)(1,1)(1,1)(1,1)(1,1)(1,1)(1,1)(1,1)(1,1)(1,1)(1,1)(1,1)(1,1)(1,1)(1,1)(1,1)(1,1)(1,1)(1,1)(1,1)(1,1)(1,1)(1,1)(1,1)(1,1)
(1,1)(1,1)(1,9)(1,9)(1,9)(1,9)(1,9)(1,9)(1,9)(1,9)(1,9)(1,9)(1,9)(1,9)(1,9)(1,9)(1,9)(1,9)(1,9)(1,9)(1,9)(1,9)(1,9)(1,9)(1,9)(1,9)(1,9)(1,9)(1,9)(1,9)(1,9)(1,9)(1,9)(1,9)(1,9)(1,9)(1,9)(1,9)(1,1)(1,1)
(1,1)(1,1)(1,9)(1,9)(1,9)(1,9)(1,9)(1,9)(1,9)(1,9)(1,9)(1,9)(1,9)(1,9)(1,9)(1,9)(1,9)(1,9)(1,9)(1,9)(1,9)(1,9)(1,9)(1,9)(1,9)(1,9)(1,9)(1,9)(1,9)(1,9)(1,9)(1,9)(1,9)(1,9)(1,9)(1,9)(1,9)(1,9)(1,1)(1,1)
(1,1)(1,1)(0,0)(0,0)(0,0)(0,0)(0,0)(0,0)(0,0)(0,0)(0,0)(0,0)(0,0)(0,0)(0,0)(0,0)(0,0)(0,0)(0,0)(0,0)(0,0)(0,0)(0,0)(0,0)(0,0)(0,0)(0,0)(0,0)(0,0)(0,0)(0,0)(0,0)(0,0)(0,0)(0,0)(0,0)(0,0)(0,0)(1,1)(1,1)
(1,1)(1,1)(1,1)(1,1)(1,1)(1,6)(1,6)(1,1)(1,1)(1,1)(1,1)(1,1)(1,5)(1,5)(1,1)(1,1)(1,1)(1,1)(1,1)(1,4)(1,4)(1,1)(1,1)(1,1)(1,1)(1,1)(1,3)(1,3)(1,1)(1,1)(1,1)(1,1)(1,1)(1,2)(0,0)(1,1)(1,1)(1,1)(1,1)(1,1)
(1,1)(1,1)(1,1)(1,1)(1,1)(1,6)(1,6)(1,1)(1,1)(1,1)(1,1)(1,1)(1,5)(1,5)(1,1)(1,1)(1,1)(1,1)(1,1)(1,4)(1,4)(1,1)(1,1)(1,1)(1,1)(1,1)(1,3)(1,3)(1,1)(1,1)(1,1)(1,1)(1,1)(1,2)(0,0)(1,1)(1,1)(1,1)(1,1)(1,1)
(1,1)(1,1)(1,7)(1,7)(1,7)(1,7)(1,7)(1,7)(1,7)(1,7)(1,7)(1,7)(1,7)(1,7)(1,7)(1,7)(1,7)(1,7)(1,7)(1,7)(1,7)(1,7)(1,7)(1,7)(1,7)(1,7)(1,7)(1,7)(1,7)(1,7)(1,7)(1,7)(1,7)(1,2)(0,0)(1,7)(1,7)(1,7)(1,1)(1,1)
(1,1)(1,1)(1,7)(1,7)(1,7)(1,7)(1,7)(1,7)(1,7)(1,7)(1,7)(1,7)(1,7)(1,7)(1,7)(1,7)(1,7)(1,7)(1,7)(1,7)(1,7)(1,7)(1,7)(1,7)(1,7)(1,7)(1,7)(1,7)(1,7)(1,7)(1,7)(1,7)(1,7)(1,2)(0,0)(1,7)(1,7)(1,7)(1,1)(1,1)
(1,1)(1,1)(0,0)(0,0)(0,0)(0,0)(0,0)(0,0)(0,0)(0,0)(0,0)(0,0)(0,0)(0,0)(0,0)(0,0)(0,0)(0,0)(0,0)(0,0)(0,0)(0,0)(0,0)(0,0)(0,0)(0,0)(0,0)(0,0)(0,0)(0,0)(0,0)(0,0)(0,0)(0,0)(0,0)(0,0)(0,0)(0,0)(1,1)(1,1)
(1,1)(1,1)(1,1)(1,1)(1,1)(1,6)(1,6)(1,1)(1,1)(1,1)(1,1)(1,1)(1,5)(1,5)(1,1)(1,1)(1,1)(1,1)(1,1)(1,4)(1,4)(1,1)(1,1)(1,1)(1,1)(1,1)(1,3)(1,3)(1,1)(1,1)(1,1)(1,1)(1,1)(1,2)(0,0)(1,1)(1,1)(1,1)(1,1)(1,1)
(1,1)(1,1)(1,1)(1,1)(1,1)(1,6)(0,0)(1,1)(1,1)(1,1)(1,1)(1,1)(1,5)(0,0)(1,1)(1,1)(1,1)(1,1)(1,1)(1,4)(0,0)(1,1)(1,1)(1,1)(1,1)(1,1)(1,3)(0,0)(1,1)(1,1)(1,1)(1,1)(1,1)(1,2)(0,0)(1,1)(1,1)(1,1)(1,1)(1,1)
(1,1)(1,1)(0,0)(0,0)(1,1)(1,6)(0,0)(1,1)(0,0)(0,0)(0,0)(1,1)(1,5)(0,0)(1,1)(0,0)(0,0)(0,0)(1,1)(1,4)(0,0)(1,1)(0,0)(0,0)(0,0)(1,1)(1,3)(0,0)(1,1)(0,0)(0,0)(0,0)(1,1)(1,2)(0,0)(1,1)(0,0)(0,0)(1,1)(1,1)
(1,1)(1,1)(0,0)(0,0)(1,1)(1,6)(0,0)(1,1)(0,0)(0,0)(0,0)(1,1)(1,5)(0,0)(1,1)(0,0)(0,0)(0,0)(1,1)(1,4)(0,0)(1,1)(0,0)(0,0)(0,0)(1,1)(1,3)(0,0)(1,1)(0,0)(0,0)(0,0)(1,1)(1,2)(0,0)(1,1)(0,0)(0,0)(1,1)(1,1)
(1,1)(1,1)(0,0)(0,0)(1,1)(1,6)(0,0)(1,1)(0,0)(0,0)(0,0)(1,1)(1,5)(0,0)(1,1)(0,0)(0,0)(0,0)(1,1)(1,4)(0,0)(1,1)(0,0)(0,0)(0,0)(1,1)(1,3)(0,0)(1,1)(0,0)(0,0)(0,0)(1,1)(1,2)(0,0)(1,1)(0,0)(0,0)(1,1)(1,1)
(1,1)(1,1)(0,0)(0,0)(1,1)(1,6)(0,0)(1,1)(0,0)(0,0)(0,0)(1,1)(1,5)(0,0)(1,1)(0,0)(0,0)(0,0)(1,1)(1,4)(0,0)(1,1)(0,0)(0,0)(0,0)(1,1)(1,3)(0,0)(1,1)(0,0)(0,0)(0,0)(1,1)(1,2)(0,0)(1,1)(0,0)(0,0)(1,1)(1,1)
(1,1)(1,1)(1,1)(1,1)(1,1)(1,6)(0,0)(1,1)(1,1)(1,1)(1,1)(1,1)(1,5)(0,0)(1,1)(1,1)(1,1)(1,1)(1,1)(1,4)(0,0)(1,1)(1,1)(1,1)(1,1)(1,1)(1,3)(0,0)(1,1)(1,1)(1,1)(1,1)(1,1)(1,2)(0,0)(1,1)(0,0)(0,0)(1,1)(1,1)
(1,1)(1,1)(1,1)(1,1)(1,1)(1,6)(1,6)(1,1)(1,1)(1,1)(1,1)(1,1)(1,5)(1,5)(1,1)(1,1)(1,1)(1,1)(1,1)(1,4)(1,4)(1,1)(1,1)(1,1)(1,1)(1,1)(1,3)(1,3)(1,1)(1,1)(1,1)(1,1)(1,1)(1,2)(1,2)(1,1)(1,1)(1,1)(1,1)(1,1)
(0,0)(0,0)(0,0)(0,0)(0,0)(0,0)(0,0)(0,0)(0,0)(0,0)(0,0)(0,0)(0,0)(0,0)(0,0)(0,0)(0,0)(0,0)(0,0)(0,0)(0,0)(0,0)(0,0)(0,0)(0,0)(0,0)(0,0)(0,0)(0,0)(0,0)(0,0)(0,0)(0,0)(0,0)(0,0)(0,0)(0,0)(0,0)(0,0)(0,0)
(0,0)(0,0)(0,0)(0,0)(0,0)(0,0)(0,0)(0,0)(0,0)(0,0)(0,0)(0,0)(0,0)(0,0)(0,0)(0,0)(0,0)(0,0)(0,0)(0,0)(0,0)(0,0)(0,0)(0,0)(0,0)(0,0)(0,0)(0,0)(0,0)(0,0)(0,0)(0,0)(0,0)(0,0)(0,0)(0,0)(0,0)(0,0)(0,0)(0,0)
(0,0)(0,0)(0,0)(0,0)(0,0)(0,0)(0,0)(0,0)(0,0)(0,0)(0,0)(0,0)(0,0)(0,0)(0,0)(0,0)(0,0)(0,0)(0,0)(0,0)(0,0)(0,0)(0,0)(0,0)(0,0)(0,0)(0,0)(0,0)(0,0)(0,0)(0,0)(0,0)(0,0)(0,0)(0,0)(0,0)(0,0)(0,0)(0,0)(0,0)
(0,0)(0,0)(0,0)(0,0)(0,0)(0,0)(0,0)(0,0)(0,0)(0,0)(0,0)(0,0)(0,0)(0,0)(0,0)(0,0)(0,0)(0,0)(0,0)(0,0)(0,0)(0,0)(0,0)(0,0)(0,0)(0,0)(0,0)(0,0)(0,0)(0,0)(0,0)(0,0)(0,0)(0,0)(0,0)(0,0)(0,0)(0,0)(0,0)(0,0)
(0,0)(0,0)(0,0)(0,0)(0,0)(0,0)(0,0)(0,0)(0,0)(0,0)(0,0)(0,0)(0,0)(0,0)(0,0)(0,0)(0,0)(0,0)(0,0)(0,0)(0,0)(0,0)(0,0)(0,0)(0,0)(0,0)(0,0)(0,0)(0,0)(0,0)(0,0)(0,0)(0,0)(0,0)(0,0)(0,0)(0,0)(0,0)(0,0)(0,0)
(0,0)(0,0)(0,0)(0,0)(0,0)(0,0)(0,0)(0,0)(0,0)(0,0)(0,0)(0,0)(0,0)(0,0)(0,0)(0,0)(0,0)(0,0)(0,0)(0,0)(0,0)(0,0)(0,0)(0,0)(0,0)(0,0)(0,0)(0,0)(0,0)(0,0)(0,0)(0,0)(0,0)(0,0)(0,0)(0,0)(0,0)(0,0)(0,0)(0,0)
(0,0)(0,0)(0,0)(0,0)(0,0)(0,0)(0,0)(0,0)(0,0)(0,0)(0,0)(0,0)(0,0)(0,0)(0,0)(0,0)(0,0)(0,0)(0,0)(0,0)(0,0)(0,0)(0,0)(0,0)(0,0)(0,0)(0,0)(0,0)(0,0)(0,0)(0,0)(0,0)(0,0)(0,0)(0,0)(0,0)(0,0)(0,0)(0,0)(0,0)
(0,0)(0,0)(0,0)(0,0)(0,0)(0,0)(0,0)(0,0)(0,0)(0,0)(0,0)(0,0)(0,0)(0,0)(0,0)(0,0)(0,0)(0,0)(0,0)(0,0)(0,0)(0,0)(0,0)(0,0)(0,0)(0,0)(0,0)(0,0)(0,0)(0,0)(0,0)(0,0)(0,0)(0,0)(0,0)(0,0)(0,0)(0,0)(0,0)(0,0)
(0,0)(0,0)(0,0)(0,0)(0,0)(0,0)(0,0)(0,0)(0,0)(0,0)(0,0)(0,0)(0,0)(0,0)(0,0)(0,0)(0,0)(0,0)(0,0)(0,0)(0,0)(0,0)(0,0)(0,0)(0,0)(0,0)(0,0)(0,0)(0,0)(0,0)(0,0)(0,0)(0,0)(0,0)(0,0)(0,0)(0,0)(0,0)(0,0)(0,0)
(0,0)(0,0)(0,0)(0,0)(0,0)(0,0)(0,0)(0,0)(0,0)(0,0)(0,0)(0,0)(0,0)(0,0)(0,0)(0,0)(0,0)(0,0)(0,0)(0,0)(0,0)(0,0)(0,0)(0,0)(0,0)(0,0)(0,0)(0,0)(0,0)(0,0)(0,0)(0,0)(0,0)(0,0)(0,0)(0,0)(0,0)(0,0)(0,0)(0,0)
(0,0)(0,0)(0,0)(0,0)(0,0)(0,0)(0,0)(0,0)(0,0)(0,0)(0,0)(0,0)(0,0)(0,0)(0,0)(0,0)(0,0)(0,0)(0,0)(0,0)(0,0)(0,0)(0,0)(0,0)(0,0)(0,0)(0,0)(0,0)(0,0)(0,0)(0,0)(0,0)(0,0)(0,0)(0,0)(0,0)(0,0)(0,0)(0,0)(0,0)
(0,0)(0,0)(0,0)(0,0)(0,0)(0,0)(0,0)(0,0)(0,0)(0,0)(0,0)(0,0)(0,0)(0,0)(0,0)(0,0)(0,0)(0,0)(0,0)(0,0)(0,0)(0,0)(0,0)(0,0)(0,0)(0,0)(0,0)(0,0)(0,0)(0,0)(0,0)(0,0)(0,0)(0,0)(0,0)(0,0)(0,0)(0,0)(0,0)(0,0)

L5
(0,0)(0,0)(0,0)(0,0)(0,0)(0,0)(0,0)(0,0)(0,0)(0,0)(0,0)(0,0)(0,0)(0,0)(0,0)(0,0)(0,0)(0,0)(0,0)(0,0)(0,0)(0,0)(0,0)(0,0)(0,0)(0,0)(0,0)(0,0)(0,0)(0,0)(0,0)(0,0)(0,0)(0,0)(0,0)(0,0)(0,0)(0,0)(0,0)(0,0)
(0,0)(1,1)(0,0)(1,4)(1,4)(1,4)(1,4)(1,4)(1,4)(1,4)(1,4)(1,6)(1,6)(1,6)(1,6)(1,6)(1,6)(1,6)(1,6)(1,6)(1,6)(1,6)(1,6)(1,6)(1,6)(1,6)(1,6)(0,0)(0,0)(1,4)(1,4)(1,4)(1,4)(1,4)(1,4)(1,4)(1,4)(0,0)(1,1)(0,0)
(0,0)(1,1)(0,0)(0,0)(0,0)(1,4)(1,4)(1,4)(1,4)(1,4)(1,4)(1,4)(0,0)(0,0)(0,0)(1,6)(1,6)(1,6)(1,6)(1,6)(1,6)(1,6)(1,6)(1,6)(1,6)(0,0)(0,0)(0,0)(1,4)(1,4)(1,4)(1,4)(1,4)(1,4)(1,4)(0,0)(0,0)(0,0)(1,1)(0,0)
(0,0)(1,1)(0,0)(0,0)(0,0)(0,0)(0,0)(1,4)(1,4)(1,4)(1,4)(1,4)(1,4)(0,0)(0,0)(0,0)(0,0)(0,0)(1,6)(1,6)(1,6)(1,6)(1,6)(1,6)(0,0)(0,0)(0,0)(1,4)(1,4)(1,4)(1,4)(1,4)(1,4)(0,0)(0,0)(0,0)(0,0)(0,0)(1,1)(0,0)
(0,0)(1,1)(0,0)(0,0)(0,0)(0,0)(0,0)(0,0)(0,0)(1,4)(1,4)(1,4)(1,4)(1,4)(0,0)(0,0)(0,0)(1,6)(1,6)(1,6)(1,6)(1,6)(1,6)(0,0)(0,0)(0,0)(1,4)(1,4)(1,4)(1,4)(1,4)(0,0)(0,0)(0,0)(0,0)(0,0)(0,0)(0,0)(1,1)(0,0)
(0,0)(1,1)(0,0)(0,0)(0,0)(0,0)(0,0)(0,0)(0,0)(0,0)(0,0)(1,4)(1,4)(1,4)(1,4)(0,0)(1,6)(1,6)(1,6)(1,6)(1,6)(0,0)(0,0)(0,0)(0,0)(1,4)(1,4)(1,4)(1,4)(0,0)(0,0)(0,0)(0,0)(0,0)(0,0)(0,0)(0,0)(0,0)(1,1)(0,0)
(0,0)(1,1)(0,0)(0,0)(0,0)(0,0)(0,0)(0,0)(0,0)(0,0)(0,0)(0,0)(0,0)(1,4)(1,4)(1,4)(0,0)(1,6)(1,6)(1,6)(0,0)(0,0)(0,0)(0,0)(1,4)(1,4)(1,4)(0,0)(0,0)(0,0)(0,0)(0,0)(0,0)(0,0)(0,0)(0,0)(0,0)(0,0)(1,1)(0,0)
(0,0)(1,1)(0,0)(0,0)(0,0)(0,0)(0,0)(0,0)(0,0)(0,0)(0,0)(0,0)(0,0)(0,0)(0,0)(1,4)(1,4)(0,0)(1,6)(1,6)(1,6)(0,0)(0,0)(1,4)(1,4)(0,0)(0,0)(0,0)(0,0)(0,0)(0,0)(0,0)(0,0)(0,0)(0,0)(0,0)(0,0)(0,0)(1,1)(0,0)
(0,0)(1,1)(0,0)(1,1)(1,2)(0,0)(0,0)(0,0)(0,0)(0,0)(0,0)(0,0)(0,0)(0,0)(0,0)(0,0)(0,0)(0,0)(1,6)(1,6)(1,6)(1,6)(0,0)(0,0)(0,0)(0,0)(0,0)(0,0)(0,0)(0,0)(0,0)(0,0)(0,0)(0,0)(0,0)(1,2)(1,1)(0,0)(1,1)(0,0)
(0,0)(1,1)(0,0)(1,1)(1,2)(0,0)(0,0)(0,0)(0,0)(0,0)(0,0)(0,0)(0,0)(0,0)(0,0)(0,0)(0,0)(0,0)(0,0)(1,6)(1,6)(1,6)(0,0)(0,0)(0,0)(0,0)(0,0)(0,0)(0,0)(0,0)(0,0)(0,0)(0,0)(0,0)(0,0)(1,2)(1,1)(0,0)(1,1)(0,0)
(0,0)(1,1)(0,0)(1,1)(1,2)(0,0)(0,0)(0,0)(0,0)(0,0)(0,0)(0,0)(0,0)(0,0)(0,0)(0,0)(0,0)(0,0)(0,0)(0,0)(1,6)(1,6)(1,6)(0,0)(0,0)(0,0)(0,0)(0,0)(0,0)(0,0)(0,0)(0,0)(0,0)(0,0)(0,0)(1,2)(1,1)(0,0)(1,1)(0,0)
(0,0)(1,1)(0,0)(1,1)(1,2)(0,0)(0,0)(0,0)(0,0)(0,0)(0,0)(0,0)(0,0)(0,0)(0,0)(0,0)(0,0)(0,0)(0,0)(0,0)(0,0)(1,6)(1,6)(0,0)(0,0)(0,0)(0,0)(0,0)(0,0)(0,0)(0,0)(0,0)(0,0)(0,0)(0,0)(1,2)(1,1)(0,0)(1,1)(0,0)
(0,0)(1,1)(0,0)(1,1)(1,2)(0,0)(0,0)(0,0)(0,0)(0,0)(0,0)(0,0)(0,0)(0,0)(0,0)(0,0)(0,0)(0,0)(0,0)(0,0)(0,0)(1,6)(1,6)(0,0)(0,0)(0,0)(0,0)(0,0)(0,0)(0,0)(0,0)(0,0)(0,0)(0,0)(0,0)(1,2)(1,1)(0,0)(1,1)(0,0)
(0,0)(1,1)(0,0)(1,1)(1,2)(1,2)(0,0)(0,0)(0,0)(0,0)(0,0)(0,0)(0,0)(0,0)(0,0)(0,0)(0,0)(0,0)(0,0)(1,6)(1,6)(1,6)(0,0)(0,0)(0,0)(0,0)(0,0)(0,0)(0,0)(0,0)(0,0)(0,0)(0,0)(0,0)(1,2)(1,2)(1,1)(0,0)(1,1)(0,0)
(0,0)(1,1)(0,0)(1,1)(1,1)(1,2)(0,0)(0,0)(0,0)(0,0)(0,0)(0,0)(0,0)(0,0)(0,0)(0,0)(0,0)(0,0)(1,6)(1,6)(0,0)(0,0)(0,0)(0,0)(0,0)(0,0)(0,0)(0,0)(0,0)(0,0)(0,0)(0,0)(0,0)(0,0)(1,2)(1,1)(1,1)(0,0)(1,1)(0,0)
(0,0)(1,1)(0,0)(1,1)(1,1)(1,2)(1,2)(0,0)(0,0)(0,0)(0,0)(0,0)(0,0)(0,0)(0,0)(0,0)(0,0)(1,6)(0,0)(0,0)(0,0)(0,0)(0,0)(0,0)(0,0)(0,0)(0,0)(0,0)(0,0)(0,0)(0,0)(0,0)(0,0)(1,2)(1,2)(1,1)(1,1)(0,0)(1,1)(0,0)
(0,0)(1,1)(0,0)(1,1)(1,1)(1,1)(1,2)(1,2)(1,2)(0,0)(0,0)(0,0)(0,0)(0,0)(0,0)(0,0)(0,0)(1,6)(0,0)(0,0)(0,0)(0,0)(0,0)(0,0)(0,0)(0,0)(0,0)(0,0)(0,0)(0,0)(0,0)(1,2)(1,2)(1,2)(1,1)(1,1)(1,1)(0,0)(1,1)(0,0)
(0,0)(1,1)(0,0)(1,1)(1,1)(1,1)(1,1)(1,1)(1,1)(0,0)(0,0)(0,0)(0,0)(0,0)(0,0)(0,0)(0,0)(0,0)(1,6)(0,0)(0,0)(0,0)(0,0)(0,0)(0,0)(0,0)(0,0)(0,0)(0,0)(0,0)(0,0)(1,1)(1,1)(1,1)(1,1)(1,1)(1,1)(0,0)(1,1)(0,0)
(0,0)(1,1)(1,9)(1,1)(1,1)(1,1)(1,1)(1,1)(1,1)(1,1)(1,1)(1,1)(1,1)(1,1)(1,1)(1,2)(1,2)(1,2)(1,2)(1,6)(1,2)(1,2)(1,2)(1,2)(1,2)(1,1)(1,1)(1,1)(1,1)(1,1)(1,1)(1,1)(1,1)(1,1)(1,1)(1,1)(1,1)(1,9)(1,1)(0,0)
(0,0)(0,0)(0,0)(0,0)(0,0)(0,0)(0,0)(0,0)(0,0)(0,0)(0,0)(0,0)(0,0)(0,0)(0,0)(0,0)(0,0)(0,0)(0,0)(0,0)(0,0)(0,0)(0,0)(0,0)(0,0)(0,0)(0,0)(0,0)(0,0)(0,0)(0,0)(0,0)(0,0)(0,0)(0,0)(0,0)(0,0)(0,0)(0,0)(0,0)
(0,0)(0,0)(0,0)(0,0)(0,0)(0,0)(0,0)(0,0)(0,0)(0,0)(0,0)(0,0)(0,0)(0,0)(0,0)(0,0)(0,0)(0,0)(0,0)(0,0)(0,0)(0,0)(0,0)(0,0)(0,0)(0,0)(0,0)(0,0)(0,0)(0,0)(0,0)(0,0)(0,0)(0,0)(0,0)(0,0)(0,0)(0,0)(0,0)(0,0)
(0,0)(0,0)(0,0)(0,0)(0,0)(0,0)(0,0)(0,0)(0,0)(0,0)(0,0)(0,0)(0,0)(0,0)(0,0)(0,0)(0,0)(0,0)(0,0)(0,0)(0,0)(0,0)(0,0)(0,0)(0,0)(0,0)(0,0)(0,0)(0,0)(0,0)(0,0)(0,0)(0,0)(0,0)(0,0)(0,0)(0,0)(0,0)(0,0)(0,0)
(0,0)(0,0)(0,0)(0,0)(0,0)(0,0)(0,0)(0,0)(0,0)(0,0)(0,0)(0,0)(0,0)(0,0)(0,0)(0,0)(0,0)(0,0)(0,0)(0,0)(0,0)(0,0)(0,0)(0,0)(0,0)(0,0)(0,0)(0,0)(0,0)(0,0)(0,0)(0,0)(0,0)(0,0)(0,0)(0,0)(0,0)(0,0)(0,0)(0,0)
(0,0)(0,0)(0,0)(0,0)(0,0)(0,0)(0,0)(0,0)(0,0)(0,0)(0,0)(0,0)(0,0)(0,0)(0,0)(0,0)(0,0)(0,0)(0,0)(0,0)(0,0)(0,0)(0,0)(0,0)(0,0)(0,0)(0,0)(0,0)(0,0)(0,0)(0,0)(0,0)(0,0)(0,0)(0,0)(0,0)(0,0)(0,0)(0,0)(0,0)
(0,0)(0,0)(0,0)(0,0)(0,0)(0,0)(0,0)(0,0)(0,0)(0,0)(0,0)(0,0)(0,0)(0,0)(0,0)(0,0)(0,0)(0,0)(0,0)(0,0)(0,0)(0,0)(0,0)(0,0)(0,0)(0,0)(0,0)(0,0)(0,0)(0,0)(0,0)(0,0)(0,0)(0,0)(0,0)(0,0)(0,0)(0,0)(0,0)(0,0)
(0,0)(0,0)(0,0)(0,0)(0,0)(0,0)(0,0)(0,0)(0,0)(0,0)(0,0)(0,0)(0,0)(0,0)(0,0)(0,0)(0,0)(0,0)(0,0)(0,0)(0,0)(0,0)(0,0)(0,0)(0,0)(0,0)(0,0)(0,0)(0,0)(0,0)(0,0)(0,0)(0,0)(0,0)(0,0)(0,0)(0,0)(0,0)(0,0)(0,0)
(0,0)(0,0)(0,0)(0,0)(0,0)(0,0)(0,0)(0,0)(0,0)(0,0)(0,0)(0,0)(0,0)(0,0)(0,0)(0,0)(0,0)(0,0)(0,0)(0,0)(0,0)(0,0)(0,0)(0,0)(0,0)(0,0)(0,0)(0,0)(0,0)(0,0)(0,0)(0,0)(0,0)(0,0)(0,0)(0,0)(0,0)(0,0)(0,0)(0,0)
(0,0)(0,0)(0,0)(0,0)(0,0)(0,0)(0,0)(0,0)(0,0)(0,0)(0,0)(0,0)(0,0)(0,0)(0,0)(0,0)(0,0)(0,0)(0,0)(0,0)(0,0)(0,0)(0,0)(0,0)(0,0)(0,0)(0,0)(0,0)(0,0)(0,0)(0,0)(0,0)(0,0)(0,0)(0,0)(0,0)(0,0)(0,0)(0,0)(0,0)
(0,0)(0,0)(0,0)(0,0)(0,0)(0,0)(0,0)(0,0)(0,0)(0,0)(0,0)(0,0)(0,0)(0,0)(0,0)(0,0)(0,0)(0,0)(0,0)(0,0)(0,0)(0,0)(0,0)(0,0)(0,0)(0,0)(0,0)(0,0)(0,0)(0,0)(0,0)(0,0)(0,0)(0,0)(0,0)(0,0)(0,0)(0,0)(0,0)(0,0)
(0,0)(0,0)(0,0)(0,0)(0,0)(0,0)(0,0)(0,0)(0,0)(0,0)(0,0)(0,0)(0,0)(0,0)(0,0)(0,0)(0,0)(0,0)(0,0)(0,0)(0,0)(0,0)(0,0)(0,0)(0,0)(0,0)(0,0)(0,0)(0,0)(0,0)(0,0)(0,0)(0,0)(0,0)(0,0)(0,0)(0,0)(0,0)(0,0)(0,0)

L6
(0,0)(0,0)(0,0)(0,0)(0,0)(0,0)(0,0)(0,0)(0,0)(0,0)(0,0)(0,0)(0,0)(0,0)(0,0)(0,0)(0,0)(0,0)(0,0)(0,0)(0,0)(0,0)(0,0)(0,0)(0,0)(0,0)(0,0)(0,0)(0,0)(0,0)(0,0)(0,0)(0,0)(0,0)(0,0)(0,0)(0,0)(0,0)(0,0)(0,0)
(0,0)(0,0)(0,0)(0,0)(0,0)(0,0)(0,0)(0,0)(0,0)(0,0)(0,0)(0,0)(0,0)(0,0)(0,0)(0,0)(0,0)(0,0)(0,0)(0,0)(0,0)(0,0)(0,0)(0,0)(0,0)(0,0)(0,0)(0,0)(0,0)(0,0)(0,0)(0,0)(0,0)(0,0)(0,0)(0,0)(0,0)(0,0)(0,0)(0,0)
(0,0)(0,0)(3,2)(3,2)(0,0)(3,2)(3,2)(0,0)(0,0)(3,3)(3,3)(0,0)(3,3)(3,3)(0,0)(0,0)(3,4)(3,4)(0,0)(3,4)(3,4)(0,0)(0,0)(3,5)(3,5)(0,0)(3,5)(3,5)(0,0)(0,0)(3,7)(3,7)(0,0)(3,7)(3,7)(0,0)(0,0)(3,8)(3,8)(0,0)
(0,0)(3,2)(3,2)(3,2)(3,2)(3,2)(3,2)(3,2)(3,3)(3,3)(3,3)(3,3)(3,3)(3,3)(3,3)(3,4)(3,4)(3,4)(3,4)(3,4)(3,4)(3,4)(3,5)(3,5)(3,5)(3,5)(3,5)(3,5)(3,5)(3,7)(3,7)(3,7)(3,7)(3,7)(3,7)(3,7)(3,8)(3,8)(3,8)(3,8)
(0,0)(3,2)(3,2)(3,2)(3,2)(3,2)(3,2)(3,2)(3,3)(3,3)(3,3)(3,3)(3,3)(3,3)(3,3)(3,4)(3,4)(3,4)(3,4)(3,4)(3,4)(3,4)(3,5)(3,5)(3,5)(3,5)(3,5)(3,5)(3,5)(3,7)(3,7)(3,7)(3,7)(3,7)(3,7)(3,7)(3,8)(3,8)(3,8)(3,8)
(0,0)(0,0)(3,2)(3,2)(3,2)(3,2)(3,2)(0,0)(0,0)(3,3)(3,3)(3,3)(3,3)(3,3)(0,0)(0,0)(3,4)(3,4)(3,4)(3,4)(3,4)(0,0)(0,0)(3,5)(3,5)(3,5)(3,5)(3,5)(0,0)(0,0)(3,7)(3,7)(3,7)(3,7)(3,7)(0,0)(0,0)(3,8)(3,8)(3,8)
(0,0)(0,0)(0,0)(3,2)(3,2)(3,2)(0,0)(0,0)(0,0)(0,0)(3,3)(3,3)(3,3)(0,0)(0,0)(0,0)(0,0)(3,4)(3,4)(3,4)(0,0)(0,0)(0,0)(0,0)(3,5)(3,5)(3,5)(0,0)(0,0)(0,0)(0,0)(3,7)(3,7)(3,7)(0,0)(0,0)(0,0)(0,0)(3,8)(3,8)
(0,0)(0,0)(0,0)(0,0)(3,2)(0,0)(0,0)(0,0)(0,0)(0,0)(0,0)(3,3)(0,0)(0,0)(0,0)(0,0)(0,0)(0,0)(3,4)(0,0)(0,0)(0,0)(0,0)(0,0)(0,0)(3,5)(0,0)(0,0)(0,0)(0,0)(0,0)(0,0)(3,7)(0,0)(0,0)(0,0)(0,0)(0,0)(0,0)(3,8)
(0,0)(0,0)(0,0)(0,0)(0,0)(0,0)(0,0)(0,0)(0,0)(0,0)(0,0)(0,0)(0,0)(0,0)(0,0)(0,0)(0,0)(0,0)(0,0)(0,0)(0,0)(0,0)(0,0)(0,0)(0,0)(0,0)(0,0)(0,0)(0,0)(0,0)(0,0)(0,0)(0,0)(0,0)(0,0)(0,0)(0,0)(0,0)(0,0)(0,0)
(0,0)(0,0)(0,0)(0,0)(0,0)(0,0)(0,0)(0,0)(0,0)(0,0)(0,0)(0,0)(0,0)(0,0)(0,0)(0,0)(0,0)(0,0)(0,0)(0,0)(0,0)(0,0)(0,0)(0,0)(0,0)(0,0)(0,0)(0,0)(0,0)(0,0)(0,0)(0,0)(0,0)(0,0)(0,0)(0,0)(0,0)(0,0)(0,0)(0,0)
(0,0)(0,0)(0,0)(0,0)(0,0)(0,0)(3,9)(0,0)(3,9)(0,0)(0,0)(0,0)(0,0)(3,6)(0,0)(3,6)(0,0)(0,0)(0,0)(0,0)(3,2)(0,0)(3,2)(0,0)(0,0)(0,0)(0,0)(3,3)(0,0)(3,3)(0,0)(0,0)(0,0)(0,0)(3,8)(0,0)(3,8)(0,0)(0,0)(0,0)
(0,0)(0,0)(0,0)(0,0)(0,0)(3,9)(3,9)(3,9)(3,9)(3,9)(0,0)(0,0)(3,6)(3,6)(3,6)(3,6)(3,6)(0,0)(0,0)(3,2)(3,2)(3,2)(3,2)(3,2)(0,0)(0,0)(3,3)(3,3)(3,3)(3,3)(3,3)(0,0)(0,0)(3,8)(3,8)(3,8)(3,8)(3,8)(0,0)(0,0)
(0,0)(0,0)(0,0)(0,0)(0,0)(3,9)(3,9)(3,9)(3,9)(3,9)(0,0)(0,0)(3,6)(3,6)(3,6)(3,6)(3,6)(0,0)(0,0)(3,2)(3,2)(3,2)(3,2)(3,2)(0,0)(0,0)(3,3)(3,3)(3,3)(3,3)(3,3)(0,0)(0,0)(3,8)(3,8)(3,8)(3,8)(3,8)(0,0)(0,0)
(0,0)(0,0)(0,0)(0,0)(0,0)(0,0)(3,9)(3,9)(3,9)(0,0)(0,0)(0,0)(0,0)(3,6)(3,6)(3,6)(0,0)(0,0)(0,0)(0,0)(3,2)(3,2)(3,2)(0,0)(0,0)(0,0)(0,0)(3,3)(3,3)(3,3)(0,0)(0,0)(0,0)(0,0)(3,8)(3,8)(3,8)(0,0)(0,0)(0,0)
(0,0)(0,0)(0,0)(0,0)(0,0)(0,0)(0,0)(3,9)(0,0)(0,0)(0,0)(0,0)(0,0)(0,0)(3,6)(0,0)(0,0)(0,0)(0,0)(0,0)(0,0)(3,2)(0,0)(0,0)(0,0)(0,0)(0,0)(0,0)(3,3)(0,0)(0,0)(0,0)(0,0)(0,0)(0,0)(3,8)(0,0)(0,0)(0,0)(0,0)
(0,0)(0,0)(0,0)(0,0)(0,0)(0,0)(0,0)(0,0)(0,0)(0,0)(0,0)(0,0)(0,0)(0,0)(0,0)(0,0)(0,0)(0,0)(0,0)(0,0)(0,0)(0,0)(0,0)(0,0)(0,0)(0,0)(0,0)(0,0)(0,0)(0,0)(0,0)(0,0)(0,0)(0,0)(0,0)(0,0)(0,0)(0,0)(0,0)(0,0)
(0,0)(0,0)(0,0)(0,0)(0,0)(0,0)(0,0)(0,0)(0,0)(0,0)(0,0)(0,0)(0,0)(0,0)(0,0)(0,0)(0,0)(0,0)(0,0)(0,0)(0,0)(0,0)(0,0)(0,0)(0,0)(0,0)(0,0)(0,0)(0,0)(0,0)(0,0)(0,0)(0,0)(0,0)(0,0)(0,0)(0,0)(0,0)(0,0)(0,0)
(0,0)(0,0)(0,0)(0,0)(0,0)(0,0)(0,0)(0,0)(0,0)(0,0)(0,0)(0,0)(0,0)(0,0)(0,0)(0,0)(0,0)(0,0)(0,0)(0,0)(0,0)(0,0)(0,0)(0,0)(0,0)(0,0)(0,0)(0,0)(0,0)(0,0)(0,0)(0,0)(0,0)(0,0)(0,0)(0,0)(0,0)(0,0)(0,0)(0,0)
(0,0)(0,0)(0,0)(0,0)(0,0)(0,0)(0,0)(0,0)(0,0)(0,0)(0,0)(0,0)(0,0)(0,0)(0,0)(0,0)(0,0)(0,0)(0,0)(0,0)(0,0)(0,0)(0,0)(0,0)(0,0)(0,0)(0,0)(0,0)(0,0)(0,0)(0,0)(0,0)(0,0)(0,0)(0,0)(0,0)(0,0)(0,0)(0,0)(0,0)
(0,0)(0,0)(0,0)(0,0)(0,0)(0,0)(0,0)(0,0)(0,0)(0,0)(0,0)(0,0)(0,0)(0,0)(0,0)(0,0)(0,0)(0,0)(0,0)(0,0)(0,0)(0,0)(0,0)(0,0)(0,0)(0,0)(0,0)(0,0)(0,0)(0,0)(0,0)(0,0)(0,0)(0,0)(0,0)(0,0)(0,0)(0,0)(0,0)(0,0)
(0,0)(0,0)(0,0)(0,0)(0,0)(0,0)(0,0)(0,0)(0,0)(0,0)(0,0)(0,0)(0,0)(0,0)(0,0)(0,0)(0,0)(0,0)(0,0)(0,0)(0,0)(0,0)(0,0)(0,0)(0,0)(0,0)(0,0)(0,0)(0,0)(0,0)(0,0)(0,0)(0,0)(0,0)(0,0)(0,0)(0,0)(0,0)(0,0)(0,0)
(0,0)(0,0)(0,0)(0,0)(0,0)(0,0)(0,0)(0,0)(0,0)(0,0)(0,0)(0,0)(0,0)(0,0)(0,0)(0,0)(0,0)(0,0)(0,0)(0,0)(0,0)(0,0)(0,0)(0,0)(0,0)(0,0)(0,0)(0,0)(0,0)(0,0)(0,0)(0,0)(0,0)(0,0)(0,0)(0,0)(0,0)(0,0)(0,0)(0,0)
(0,0)(0,0)(0,0)(0,0)(0,0)(0,0)(0,0)(0,0)(0,0)(0,0)(0,0)(0,0)(0,0)(0,0)(0,0)(0,0)(0,0)(0,0)(0,0)(0,0)(0,0)(0,0)(0,0)(0,0)(0,0)(0,0)(0,0)(0,0)(0,0)(0,0)(0,0)(0,0)(0,0)(0,0)(0,0)(0,0)(0,0)(0,0)(0,0)(0,0)
(0,0)(0,0)(0,0)(0,0)(0,0)(0,0)(0,0)(0,0)(0,0)(0,0)(0,0)(0,0)(0,0)(0,0)(0,0)(0,0)(0,0)(0,0)(0,0)(0,0)(0,0)(0,0)(0,0)(0,0)(0,0)(0,0)(0,0)(0,0)(0,0)(0,0)(0,0)(0,0)(0,0)(0,0)(0,0)(0,0)(0,0)(0,0)(0,0)(0,0)
(0,0)(0,0)(0,0)(0,0)(0,0)(0,0)(0,0)(0,0)(0,0)(0,0)(0,0)(0,0)(0,0)(0,0)(0,0)(0,0)(0,0)(0,0)(0,0)(0,0)(0,0)(0,0)(0,0)(0,0)(0,0)(0,0)(0,0)(0,0)(0,0)(0,0)(0,0)(0,0)(0,0)(0,0)(0,0)(0,0)(0,0)(0,0)(0,0)(0,0)
(0,0)(0,0)(0,0)(0,0)(0,0)(0,0)(0,0)(0,0)(0,0)(0,0)(0,0)(0,0)(0,0)(0,0)(0,0)(0,0)(0,0)(0,0)(0,0)(0,0)(0,0)(0,0)(0,0)(0,0)(0,0)(0,0)(0,0)(0,0)(0,0)(0,0)(0,0)(0,0)(0,0)(0,0)(0,0)(0,0)(0,0)(0,0)(0,0)(0,0)
(0,0)(0,0)(0,0)(0,0)(0,0)(0,0)(0,0)(0,0)(0,0)(0,0)(0,0)(0,0)(0,0)(0,0)(0,0)(0,0)(0,0)(0,0)(0,0)(0,0)(0,0)(0,0)(0,0)(0,0)(0,0)(0,0)(0,0)(0,0)(0,0)(0,0)(0,0)(0,0)(0,0)(0,0)(0,0)(0,0)(0,0)(0,0)(0,0)(0,0)
(0,0)(0,0)(0,0)(0,0)(0,0)(0,0)(0,0)(0,0)(0,0)(0,0)(0,0)(0,0)(0,0)(0,0)(0,0)(0,0)(0,0)(0,0)(0,0)(0,0)(0,0)(0,0)(0,0)(0,0)(0,0)(0,0)(0,0)(0,0)(0,0)(0,0)(0,0)(0,0)(0,0)(0,0)(0,0)(0,0)(0,0)(0,0)(0,0)(0,0)
(0,0)(0,0)(0,0)(0,0)(0,0)(0,0)(0,0)(0,0)(0,0)(0,0)(0,0)(0,0)(0,0)(0,0)(0,0)(0,0)(0,0)(0,0)(0,0)(0,0)(0,0)(0,0)(0,0)(0,0)(0,0)(0,0)(0,0)(0,0)(0,0)(0,0)(0,0)(0,0)(0,0)(0,0)(0,0)(0,0)(0,0)(0,0)(0,0)(0,0)
(0,0)(0,0)(0,0)(0,0)(0,0)(0,0)(0,0)(0,0)(0,0)(0,0)(0,0)(0,0)(0,0)(0,0)(0,0)(0,0)(0,0)(0,0)(0,0)(0,0)(0,0)(0,0)(0,0)(0,0)(0,0)(0,0)(0,0)(0,0)(0,0)(0,0)(0,0)(0,0)(0,0)(0,0)(0,0)(0,0)(0,0)(0,0)(0,0)(0,0)

L7
(0,0)(0,0)(0,0)(0,0)(0,0)(0,0)(0,0)(0,0)(0,0)(0,0)(0,0)(0,0)(0,0)(0,0)(0,0)(0,0)(0,0)(0,0)(0,0)(0,0)(0,0)(0,0)(0,0)(0,0)(0,0)(0,0)(0,0)(0,0)(0,0)(0,0)(0,0)(0,0)(0,0)(0,0)(0,0)(0,0)(0,0)(0,0)(0,0)(0,0)
(0,0)(0,0)(0,0)(0,0)(0,0)(0,0)(0,0)(0,0)(0,0)(0,0)(0,0)(0,0)(0,0)(0,0)(0,0)(0,0)(0,0)(0,0)(0,0)(0,0)(0,0)(0,0)(0,0)(0,0)(0,0)(0,0)(0,0)(0,0)(0,0)(0,0)(0,0)(0,0)(0,0)(0,0)(0,0)(0,0)(0,0)(0,0)(0,0)(0,0)
(0,0)(0,0)(16,2)(16,2)(16,2)(16,2)(16,2)(16,2)(16,2)(0,0)(0,0)(0,0)(0,0)(0,0)(0,0)(0,0)(16,3)(16,3)(16,3)(16,3)(16,3)(16,3)(16,3)(0,0)(0,0)(0,0)(0,0)(0,0)(0,0)(0,0)(0,0)(16,4)(16,4)(16,4)(16,4)(16,4)(16,4)(16,4)(0,0)(0,0)
(0,0)(0,0)(16,2)(16,1)(16,2)(16,2)(16,2)(16,1)(16,2)(0,0)(0,0)(0,0)(0,0)(0,0)(0,0)(0,0)(16,3)(16,1)(16,3)(16,3)(16,3)(16,1)(16,3)(0,0)(0,0)(0,0)(0,0)(0,0)(0,0)(0,0)(0,0)(16,4)(16,1)(16,4)(16,4)(16,4)(16,1)(16,4)(0,0)(0,0)
(0,0)(0,0)(16,2)(16,2)(16,2)(16,2)(16,2)(16,2)(16,2)(0,0)(0,0)(0,0)(0,0)(0,0)(0,0)(0,0)(16,3)(16,3)(16,3)(16,3)(16,3)(16,3)(16,3)(0,0)(0,0)(0,0)(0,0)(0,0)(0,0)(0,0)(0,0)(16,4)(16,4)(16,4)(16,4)(16,4)(16,4)(16,4)(0,0)(0,0)
(0,0)(0,0)(16,2)(16,1)(16,2)(16,2)(16,2)(16,1)(16,2)(0,0)(0,0)(0,0)(0,0)(0,0)(0,0)(0,0)(16,3)(16,3)(16,3)(16,1)(16,3)(16,3)(16,3)(0,0)(0,0)(0,0)(0,0)(0,0)(0,0)(0,0)(0,0)(16,4)(16,4)(16,4)(16,4)(16,4)(16,4)(16,4)(0,0)(0,0)
(0,0)(0,0)(16,2)(16,2)(16,2)(16,2)(16,2)(16,2)(16,2)(0,0)(0,0)(0,0)(0,0)(0,0)(0,0)(0,0)(16,3)(16,3)(16,3)(16,3)(16,3)(16,3)(16,3)(0,0)(0,0)(0,0)(0,0)(0,0)(0,0)(0,0)(0,0)(16,4)(16,4)(16,4)(16,4)(16,4)(16,4)(16,4)(0,0)(0,0)
(0,0)(0,0)(16,2)(16,1)(16,2)(16,2)(16,2)(16,1)(16,2)(0,0)(0,0)(0,0)(0,0)(0,0)(0,0)(0,0)(16,3)(16,1)(16,3)(16,3)(16,3)(16,1)(16,3)(0,0)(0,0)(0,0)(0,0)(0,0)(0,0)(0,0)(0,0)(16,4)(16,1)(16,4)(16,4)(16,4)(16,1)(16,4)(0,0)(0,0)
(0,0)(0,0)(16,2)(16,2)(16,2)(16,2)(16,2)(16,2)(16,2)(0,0)(0,0)(0,0)(0,0)(0,0)(0,0)(0,0)(16,3)(16,3)(16,3)(16,3)(16,3)(16,3)(16,3)(0,0)(0,0)(0,0)(0,0)(0,0)(0,0)(0,0)(0,0)(16,4)(16,4)(16,4)(16,4)(16,4)(16,4)(16,4)(0,0)(0,0)
(0,0)(0,0)(0,0)(0,0)(0,0)(0,0)(0,0)(0,0)(0,0)(0,0)(0,0)(0,0)(0,0)(0,0)(0,0)(0,0)(0,0)(0,0)(0,0)(0,0)(0,0)(0,0)(0,0)(0,0)(0,0)(0,0)(0,0)(0,0)(0,0)(0,0)(0,0)(0,0)(0,0)(0,0)(0,0)(0,0)(0,0)(0,0)(0,0)(0,0)
(0,0)(0,0)(0,0)(0,0)(0,0)(0,0)(0,0)(0,0)(0,0)(0,0)(0,0)(0,0)(0,0)(0,0)(0,0)(0,0)(0,0)(0,0)(0,0)(0,0)(0,0)(0,0)(0,0)(0,0)(0,0)(0,0)(0,0)(0,0)(0,0)(0,0)(0,0)(0,0)(0,0)(0,0)(0,0)(0,0)(0,0)(0,0)(0,0)(0,0)
(0,0)(0,0)(0,0)(0,0)(0,0)(0,0)(0,0)(0,0)(0,0)(0,0)(0,0)(0,0)(0,0)(0,0)(0,0)(0,0)(0,0)(0,0)(0,0)(0,0)(0,0)(0,0)(0,0)(0,0)(0,0)(0,0)(0,0)(0,0)(0,0)(0,0)(0,0)(0,0)(0,0)(0,0)(0,0)(0,0)(0,0)(0,0)(0,0)(0,0)
(0,0)(0,0)(16,5)(16,5)(16,5)(16,5)(16,5)(16,5)(16,5)(0,0)(0,0)(0,0)(0,0)(0,0)(0,0)(0,0)(16,6)(16,6)(16,6)(16,6)(16,6)(16,6)(16,6)(0,0)(0,0)(0,0)(0,0)(0,0)(0,0)(0,0)(0,0)(16,8)(16,8)(16,8)(16,8)(16,8)(16,8)(16,8)(0,0)(0,0)
(0,0)(0,0)(16,5)(16,1)(16,5)(16,5)(16,5)(16,5)(16,5)(0,0)(0,0)(0,0)(0,0)(0,0)(0,0)(0,0)(16,6)(16,1)(16,6)(16,6)(16,6)(16,6)(16,6)(0,0)(0,0)(0,0)(0,0)(0,0)(0,0)(0,0)(0,0)(16,8)(16,8)(16,8)(16,8)(16,8)(16,8)(16,8)(0,0)(0,0)
(0,0)(0,0)(16,5)(16,5)(16,5)(16,5)(16,5)(16,5)(16,5)(0,0)(0,0)(0,0)(0,0)(0,0)(0,0)(0,0)(16,6)(16,6)(16,6)(16,6)(16,6)(16,6)(16,6)(0,0)(0,0)(0,0)(0,0)(0,0)(0,0)(0,0)(0,0)(16,8)(16,8)(16,8)(16,8)(16,8)(16,8)(16,8)(0,0)(0,0)
(0,0)(0,0)(16,5)(16,5)(16,5)(16,1)(16,5)(16,5)(16,5)(0,0)(0,0)(0,0)(0,0)(0,0)(0,0)(0,0)(16,6)(16,6)(16,6)(16,6)(16,6)(16,6)(16,6)(0,0)(0,0)(0,0)(0,0)(0,0)(0,0)(0,0)(0,0)(16,8)(16,8)(16,8)(16,1)(16,8)(16,8)(16,8)(0,0)(0,0)
(0,0)(0,0)(16,5)(16,5)(16,5)(16,5)(16,5)(16,5)(16,5)(0,0)(0,0)(0,0)(0,0)(0,0)(0,0)(0,0)(16,6)(16,6)(16,6)(16,6)(16,6)(16,6)(16,6)(0,0)(0,0)(0,0)(0,0)(0,0)(0,0)(0,0)(0,0)(16,8)(16,8)(16,8)(16,8)(16,8)(16,8)(16,8)(0,0)(0,0)
(0,0)(0,0)(16,5)(16,5)(16,5)(16,5)(16,5)(16,1)(16,5)(0,0)(0,0)(0,0)(0,0)(0,0)(0,0)(0,0)(16,6)(16,6)(16,6)(16,6)(16,6)(16,1)(16,6)(0,0)(0,0)(0,0)(0,0)(0,0)(0,0)(0,0)(0,0)(16,8)(16,8)(16,8)(16,8)(16,8)(16,8)(16,8)(0,0)(0,0)
(0,0)(0,0)(16,5)(16,5)(16,5)(16,5)(16,5)(16,5)(16,5)(0,0)(0,0)(0,0)(0,0)(0,0)(0,0)(0,0)(16,6)(16,6)(16,6)(16,6)(16,6)(16,6)(16,6)(0,0)(0,0)(0,0)(0,0)(0,0)(0,0)(0,0)(0,0)(16,8)(16,8)(16,8)(16,8)(16,8)(16,8)(16,8)(0,0)(0,0)
(0,0)(0,0)(0,0)(0,0)(0,0)(0,0)(0,0)(0,0)(0,0)(0,0)(0,0)(0,0)(0,0)(0,0)(0,0)(0,0)(0,0)(0,0)(0,0)(0,0)(0,0)(0,0)(0,0)(0,0)(0,0)(0,0)(0,0)(0,0)(0,0)(0,0)(0,0)(0,0)(0,0)(0,0)(0,0)(0,0)(0,0)(0,0)(0,0)(0,0)
(0,0)(0,0)(0,0)(0,0)(0,0)(0,0)(0,0)(0,0)(0,0)(0,0)(0,0)(0,0)(0,0)(0,0)(0,0)(0,0)(0,0)(0,0)(0,0)(0,0)(0,0)(0,0)(0,0)(0,0)(0,0)(0,0)(0,0)(0,0)(0,0)(0,0)(0,0)(0,0)(0,0)(0,0)(0,0)(0,0)(0,0)(0,0)(0,0)(0,0)
(0,0)(0,0)(0,0)(0,0)(0,0)(0,0)(0,0)(0,0)(0,0)(0,0)(0,0)(0,0)(0,0)(0,0)(0,0)(0,0)(0,0)(0,0)(0,0)(0,0)(0,0)(0,0)(0,0)(0,0)(0,0)(0,0)(0,0)(0,0)(0,0)(0,0)(0,0)(0,0)(0,0)(0,0)(0,0)(0,0)(0,0)(0,0)(0,0)(0,0)
(0,0)(0,0)(0,0)(0,0)(0,0)(0,0)(0,0)(0,0)(0,0)(0,0)(0,0)(0,0)(0,0)(0,0)(0,0)(0,0)(0,0)(0,0)(0,0)(0,0)(0,0)(0,0)(0,0)(0,0)(0,0)(0,0)(0,0)(0,0)(0,0)(0,0)(0,0)(0,0)(0,0)(0,0)(0,0)(0,0)(0,0)(0,0)(0,0)(0,0)
(0,0)(0,0)(0,0)(0,0)(0,0)(0,0)(0,0)(0,0)(0,0)(0,0)(0,0)(0,0)(0,0)(0,0)(0,0)(0,0)(0,0)(0,0)(0,0)(0,0)(0,0)(0,0)(0,0)(0,0)(0,0)(0,0)(0,0)(0,0)(0,0)(0,0)(0,0)(0,0)(0,0)(0,0)(0,0)(0,0)(0,0)(0,0)(0,0)(0,0)
(0,0)(0,0)(0,0)(0,0)(0,0)(0,0)(0,0)(0,0)(0,0)(0,0)(0,0)(0,0)(0,0)(0,0)(0,0)(0,0)(0,0)(0,0)(0,0)(0,0)(0,0)(0,0)(0,0)(0,0)(0,0)(0,0)(0,0)(0,0)(0,0)(0,0)(0,0)(0,0)(0,0)(0,0)(0,0)(0,0)(0,0)(0,0)(0,0)(0,0)
(0,0)(0,0)(0,0)(0,0)(0,0)(0,0)(0,0)(0,0)(0,0)(0,0)(0,0)(0,0)(0,0)(0,0)(0,0)(0,0)(0,0)(0,0)(0,0)(0,0)(0,0)(0,0)(0,0)(0,0)(0,0)(0,0)(0,0)(0,0)(0,0)(0,0)(0,0)(0,0)(0,0)(0,0)(0,0)(0,0)(0,0)(0,0)(0,0)(0,0)
(0,0)(0,0)(0,0)(0,0)(0,0)(0,0)(0,0)(0,0)(0,0)(0,0)(0,0)(0,0)(0,0)(0,0)(0,0)(0,0)(0,0)(0,0)(0,0)(0,0)(0,0)(0,0)(0,0)(0,0)(0,0)(0,0)(0,0)(0,0)(0,0)(0,0)(0,0)(0,0)(0,0)(0,0)(0,0)(0,0)(0,0)(0,0)(0,0)(0,0)
(0,0)(0,0)(0,0)(0,0)(0,0)(0,0)(0,0)(0,0)(0,0)(0,0)(0,0)(0,0)(0,0)(0,0)(0,0)(0,0)(0,0)(0,0)(0,0)(0,0)(0,0)(0,0)(0,0)(0,0)(0,0)(0,0)(0,0)(0,0)(0,0)(0,0)(0,0)(0,0)(0,0)(0,0)(0,0)(0,0)(0,0)(0,0)(0,0)(0,0)
(0,0)(0,0)(0,0)(0,0)(0,0)(0,0)(0,0)(0,0)(0,0)(0,0)(0,0)(0,0)(0,0)(0,0)(0,0)(0,0)(0,0)(0,0)(0,0)(0,0)(0,0)(0,0)(0,0)(0,0)(0,0)(0,0)(0,0)(0,0)(0,0)(0,0)(0,0)(0,0)(0,0)(0,0)(0,0)(0,0)(0,0)(0,0)(0,0)(0,0)
(0,0)(0,0)(0,0)(0,0)(0,0)(0,0)(0,0)(0,0)(0,0)(0,0)(0,0)(0,0)(0,0)(0,0)(0,0)(0,0)(0,0)(0,0)(0,0)(0,0)(0,0)(0,0)(0,0)(0,0)(0,0)(0,0)(0,0)(0,0)(0,0)(0,0)(0,0)(0,0)(0,0)(0,0)(0,0)(0,0)(0,0)(0,0)(0,0)(0,0)
