M5
L1
(0,0)(0,0)(0,0)(0,0)(0,0)(0,0)(0,0)(0,0)(0,0)(0,0)(0,0)(0,0)(0,0)(0,0)(0,0)(0,0)(0,0)(0,0)(0,0)(0,0)(0,0)(0,0)(0,0)(0,0)(0,0)(0,0)(0,0)(0,0)(0,0)(0,0)(0,0)(0,0)(0,0)(0,0)(0,0)(0,0)(0,0)(0,0)(0,0)(0,0)
(0,0)(0,0)(0,0)(0,0)(0,0)(0,0)(0,0)(0,0)(0,0)(0,0)(0,0)(0,0)(0,0)(0,0)(0,0)(0,0)(0,0)(0,0)(0,0)(0,0)(0,0)(0,0)(0,0)(0,0)(0,0)(0,0)(0,0)(0,0)(0,0)(0,0)(0,0)(0,0)(0,0)(0,0)(0,0)(0,0)(0,0)(0,0)(0,0)(0,0)
(0,0)(0,0)(1,1)(1,1)(1,1)(1,1)(1,1)(1,1)(1,1)(1,1)(1,1)(1,1)(1,1)(1,1)(1,1)(1,1)(1,1)(1,1)(1,1)(1,1)(1,1)(1,1)(1,1)(1,1)(1,1)(1,1)(1,1)(1,1)(1,1)(1,1)(1,1)(1,1)(1,1)(1,1)(1,1)(1,1)(1,1)(1,1)(0,0)(0,0)
(0,0)(0,0)(1,9)(1,9)(1,9)(1,9)(1,9)(1,9)(1,9)(1,9)(1,9)(1,9)(1,9)(1,9)(1,9)(1,9)(1,9)(1,9)(1,9)(1,9)(1,9)(1,9)(1,9)(1,9)(1,9)(1,9)(1,9)(1,9)(1,9)(1,9)(1,9)(1,9)(1,9)(1,9)(1,9)(1,9)(1,9)(1,9)(0,0)(0,0)
(0,0)(0,0)(1,8)(1,8)(1,8)(1,8)(1,8)(1,8)(1,8)(1,8)(1,8)(1,8)(1,8)(1,8)(1,8)(1,8)(1,8)(1,8)(1,8)(1,8)(1,8)(1,8)(1,8)(1,8)(1,8)(1,8)(1,8)(1,8)(1,8)(1,8)(1,8)(1,8)(1,8)(1,8)(1,8)(1,8)(1,8)(1,8)(0,0)(0,0)
(0,0)(0,0)(1,7)(1,7)(1,7)(1,7)(1,7)(1,7)(1,7)(1,7)(1,7)(1,7)(1,7)(1,7)(1,7)(1,7)(1,7)(1,7)(1,7)(1,7)(1,7)(1,7)(1,7)(1,7)(1,7)(1,7)(1,7)(1,7)(1,7)(1,7)(1,7)(1,7)(1,7)(1,7)(1,7)(1,7)(1,7)(1,7)(0,0)(0,0)
(0,0)(0,0)(1,6)(1,6)(1,6)(1,6)(1,6)(1,6)(1,6)(1,6)(1,6)(1,6)(1,6)(1,6)(1,6)(1,6)(1,6)(1,6)(1,6)(1,6)(1,6)(1,6)(1,6)(1,6)(1,6)(1,6)(1,6)(1,6)(1,6)(1,6)(1,6)(1,6)(1,6)(1,6)(1,6)(1,6)(1,6)(1,6)(0,0)(0,0)
(0,0)(0,0)(1,5)(1,5)(1,5)(1,5)(1,5)(1,5)(1,5)(1,5)(1,5)(1,5)(1,5)(1,5)(1,5)(1,5)(1,5)(1,5)(1,5)(1,5)(1,5)(1,5)(1,5)(1,5)(1,5)(1,5)(1,5)(1,5)(1,5)(1,5)(1,5)(1,5)(1,5)(1,5)(1,5)(1,5)(1,5)(1,5)(0,0)(0,0)
(0,0)(0,0)(1,4)(1,4)(1,4)(1,4)(1,4)(1,4)(1,4)(1,4)(1,4)(1,4)(1,4)(1,4)(1,4)(1,4)(1,4)(1,4)(1,4)(1,4)(1,4)(1,4)(1,4)(1,4)(1,4)(1,4)(1,4)(1,4)(1,4)(1,4)(1,4)(1,4)(1,4)(1,4)(1,4)(1,4)(1,4)(1,4)(0,0)(0,0)
(0,0)(0,0)(1,3)(1,3)(1,3)(1,3)(1,3)(1,3)(1,3)(1,3)(1,3)(1,3)(1,3)(1,3)(1,3)(1,3)(1,3)(1,3)(1,3)(1,3)(1,3)(1,3)(1,3)(1,3)(1,3)(1,3)(1,3)(1,3)(1,3)(1,3)(1,3)(1,3)(1,3)(1,3)(1,3)(1,3)(1,3)(1,3)(0,0)(0,0)
(0,0)(0,0)(1,2)(1,2)(1,2)(1,2)(1,2)(1,2)(1,2)(1,2)(1,2)(1,2)(1,2)(1,2)(1,2)(1,2)(1,2)(1,2)(1,2)(1,2)(1,2)(1,2)(1,2)(1,2)(1,2)(1,2)(1,2)(1,2)(1,2)(1,2)(1,2)(1,2)(1,2)(1,2)(1,2)(1,2)(1,2)(1,2)(0,0)(0,0)
(0,0)(0,0)(0,0)(0,0)(0,0)(0,0)(0,0)(0,0)(0,0)(0,0)(0,0)(0,0)(0,0)(0,0)(0,0)(0,0)(0,0)(0,0)(0,0)(0,0)(0,0)(0,0)(0,0)(0,0)(0,0)(0,0)(0,0)(0,0)(0,0)(0,0)(0,0)(0,0)(0,0)(0,0)(0,0)(0,0)(0,0)(0,0)(0,0)(0,0)
(0,0)(0,0)(0,0)(0,0)(0,0)(0,0)(0,0)(0,0)(0,0)(0,0)(0,0)(0,0)(0,0)(0,0)(0,0)(0,0)(0,0)(0,0)(0,0)(0,0)(0,0)(0,0)(0,0)(0,0)(0,0)(0,0)(0,0)(0,0)(0,0)(0,0)(0,0)(0,0)(0,0)(0,0)(0,0)(0,0)(0,0)(0,0)(0,0)(0,0)
(0,0)(0,0)(0,0)(0,0)(0,0)(0,0)(0,0)(0,0)(0,0)(0,0)(0,0)(0,0)(0,0)(0,0)(0,0)(0,0)(0,0)(0,0)(0,0)(0,0)(0,0)(0,0)(0,0)(0,0)(0,0)(0,0)(0,0)(0,0)(0,0)(0,0)(0,0)(0,0)(0,0)(0,0)(0,0)(0,0)(0,0)(0,0)(0,0)(0,0)
(0,0)(0,0)(0,0)(0,0)(0,0)(0,0)(0,0)(0,0)(0,0)(0,0)(0,0)(0,0)(0,0)(0,0)(0,0)(0,0)(0,0)(0,0)(0,0)(0,0)(0,0)(0,0)(0,0)(0,0)(0,0)(0,0)(0,0)(0,0)(0,0)(0,0)(0,0)(0,0)(0,0)(0,0)(0,0)(0,0)(0,0)(0,0)(0,0)(0,0)
(0,0)(0,0)(0,0)(0,0)(0,0)(0,0)(0,0)(0,0)(0,0)(0,0)(0,0)(0,0)(0,0)(0,0)(0,0)(0,0)(0,0)(0,0)(0,0)(0,0)(0,0)(0,0)(0,0)(0,0)(0,0)(0,0)(0,0)(0,0)(0,0)(0,0)(0,0)(0,0)(0,0)(0,0)(0,0)(0,0)(0,0)(0,0)(0,0)(0,0)
(0,0)(0,0)(0,0)(0,0)(0,0)(0,0)(0,0)(0,0)(0,0)(0,0)(0,0)(0,0)(0,0)(0,0)(0,0)(0,0)(0,0)(0,0)(0,0)(0,0)(0,0)(0,0)(0,0)(0,0)(0,0)(0,0)(0,0)(0,0)(0,0)(0,0)(0,0)(0,0)(0,0)(0,0)(0,0)(0,0)(0,0)(0,0)(0,0)(0,0)
(0,0)(0,0)(0,0)(0,0)(0,0)(0,0)(0,0)(0,0)(0,0)(0,0)(0,0)(0,0)(0,0)(0,0)(0,0)(0,0)(0,0)(0,0)(0,0)(0,0)(0,0)(0,0)(0,0)(0,0)(0,0)(0,0)(0,0)(0,0)(0,0)(0,0)(0,0)(0,0)(0,0)(0,0)(0,0)(0,0)(0,0)(0,0)(0,0)(0,0)
(0,0)(0,0)(0,0)(0,0)(0,0)(0,0)(0,0)(0,0)(0,0)(0,0)(0,0)(0,0)(0,0)(0,0)(0,0)(0,0)(0,0)(0,0)(0,0)(0,0)(0,0)(0,0)(0,0)(0,0)(0,0)(0,0)(0,0)(0,0)(0,0)(0,0)(0,0)(0,0)(0,0)(0,0)(0,0)(0,0)(0,0)(0,0)(0,0)(0,0)
(0,0)(0,0)(0,0)(0,0)(0,0)(0,0)(0,0)(0,0)(0,0)(0,0)(0,0)(0,0)(0,0)(0,0)(0,0)(0,0)(0,0)(0,0)(0,0)(0,0)(0,0)(0,0)(0,0)(0,0)(0,0)(0,0)(0,0)(0,0)(0,0)(0,0)(0,0)(0,0)(0,0)(0,0)(0,0)(0,0)(0,0)(0,0)(0,0)(0,0)
(0,0)(0,0)(0,0)(0,0)(0,0)(0,0)(0,0)(0,0)(0,0)(0,0)(0,0)(0,0)(0,0)(0,0)(0,0)(0,0)(0,0)(0,0)(0,0)(0,0)(0,0)(0,0)(0,0)(0,0)(0,0)(0,0)(0,0)(0,0)(0,0)(0,0)(0,0)(0,0)(0,0)(0,0)(0,0)(0,0)(0,0)(0,0)(0,0)(0,0)
(0,0)(0,0)(0,0)(0,0)(0,0)(0,0)(0,0)(0,0)(0,0)(0,0)(0,0)(0,0)(0,0)(0,0)(0,0)(0,0)(0,0)(0,0)(0,0)(0,0)(0,0)(0,0)(0,0)(0,0)(0,0)(0,0)(0,0)(0,0)(0,0)(0,0)(0,0)(0,0)(0,0)(0,0)(0,0)(0,0)(0,0)(0,0)(0,0)(0,0)
(0,0)(0,0)(0,0)(0,0)(0,0)(0,0)(0,0)(0,0)(0,0)(0,0)(0,0)(0,0)(0,0)(0,0)(0,0)(0,0)(0,0)(0,0)(0,0)(0,0)(0,0)(0,0)(0,0)(0,0)(0,0)(0,0)(0,0)(0,0)(0,0)(0,0)(0,0)(0,0)(0,0)(0,0)(0,0)(0,0)(0,0)(0,0)(0,0)(0,0)
(0,0)(0,0)(0,0)(0,0)(0,0)(0,0)(0,0)(0,0)(0,0)(0,0)(0,0)(0,0)(0,0)(0,0)(0,0)(0,0)(0,0)(0,0)(0,0)(0,0)(0,0)(0,0)(0,0)(0,0)(0,0)(0,0)(0,0)(0,0)(0,0)(0,0)(0,0)(0,0)(0,0)(0,0)(0,0)(0,0)(0,0)(0,0)(0,0)(0,0)
(0,0)(0,0)(0,0)(0,0)(0,0)(0,0)(0,0)(0,0)(0,0)(0,0)(0,0)(0,0)(0,0)(0,0)(0,0)(0,0)(0,0)(0,0)(0,0)(0,0)(0,0)(0,0)(0,0)(0,0)(0,0)(0,0)(0,0)(0,0)(0,0)(0,0)(0,0)(0,0)(0,0)(0,0)(0,0)(0,0)(0,0)(0,0)(0,0)(0,0)
(0,0)(0,0)(0,0)(0,0)(0,0)(0,0)(0,0)(0,0)(0,0)(0,0)(0,0)(0,0)(0,0)(0,0)(0,0)(0,0)(0,0)(0,0)(0,0)(0,0)(0,0)(0,0)(0,0)(0,0)(0,0)(0,0)(0,0)(0,0)(0,0)(0,0)(0,0)(0,0)(0,0)(0,0)(0,0)(0,0)(0,0)(0,0)(0,0)(0,0)
(0,0)(0,0)(0,0)(0,0)(0,0)(0,0)(0,0)(0,0)(0,0)(0,0)(0,0)(0,0)(0,0)(0,0)(0,0)(0,0)(0,0)(0,0)(0,0)(0,0)(0,0)(0,0)(0,0)(0,0)(0,0)(0,0)(0,0)(0,0)(0,0)(0,0)(0,0)(0,0)(0,0)(0,0)(0,0)(0,0)(0,0)(0,0)(0,0)(0,0)
(0,0)(0,0)(0,0)(0,0)(0,0)(0,0)(0,0)(0,0)(0,0)(0,0)(0,0)(0,0)(0,0)(0,0)(0,0)(0,0)(0,0)(0,0)(0,0)(0,0)(0,0)(0,0)(0,0)(0,0)(0,0)(0,0)(0,0)(0,0)(0,0)(0,0)(0,0)(0,0)(0,0)(0,0)(0,0)(0,0)(0,0)(0,0)(0,0)(0,0)
(0,0)(0,0)(0,0)(0,0)(0,0)(0,0)(0,0)(0,0)(0,0)(0,0)(0,0)(0,0)(0,0)(0,0)(0,0)(0,0)(0,0)(0,0)(0,0)(0,0)(0,0)(0,0)(0,0)(0,0)(0,0)(0,0)(0,0)(0,0)(0,0)(0,0)(0,0)(0,0)(0,0)(0,0)(0,0)(0,0)(0,0)(0,0)(0,0)(0,0)
(0,0)(0,0)(0,0)(0,0)(0,0)(0,0)(0,0)(0,0)(0,0)(0,0)(0,0)(0,0)(0,0)(0,0)(0,0)(0,0)(0,0)(0,0)(0,0)(0,0)(0,0)(0,0)(0,0)(0,0)(0,0)(0,0)(0,0)(0,0)(0,0)(0,0)(0,0)(0,0)(0,0)(0,0)(0,0)(0,0)(0,0)(0,0)(0,0)(0,0)

L2
(0,0)(0,0)(0,0)(0,0)(0,0)(0,0)(0,0)(0,0)(0,0)(0,0)(0,0)(0,0)(0,0)(0,0)(0,0)(0,0)(0,0)(0,0)(0,0)(0,0)(0,0)(0,0)(0,0)(0,0)(0,0)(0,0)(0,0)(0,0)(0,0)(0,0)(0,0)(0,0)(0,0)(0,0)(0,0)(0,0)(0,0)(0,0)(0,0)(0,0)
(0,0)(0,0)(0,0)(0,0)(0,0)(0,0)(0,0)(0,0)(0,0)(0,0)(0,0)(0,0)(0,0)(0,0)(0,0)(0,0)(0,0)(0,0)(0,0)(0,0)(0,0)(0,0)(0,0)(0,0)(0,0)(0,0)(0,0)(0,0)(0,0)(0,0)(0,0)(0,0)(0,0)(0,0)(0,0)(0,0)(0,0)(0,0)(0,0)(0,0)
(0,0)(0,0)(1,1)(1,1)(1,1)(1,1)(1,1)(1,1)(1,1)(1,1)(1,1)(1,1)(1,1)(1,1)(1,1)(1,1)(1,1)(1,1)(1,1)(1,1)(1,1)(1,1)(1,1)(1,1)(1,1)(1,1)(1,1)(1,1)(1,1)(1,1)(1,1)(1,1)(1,1)(1,1)(1,1)(1,1)(1,1)(1,1)(0,0)(0,0)
(0,0)(0,0)(1,1)(0,0)(0,0)(0,0)(0,0)(0,0)(0,0)(0,0)(0,0)(0,0)(0,0)(0,0)(0,0)(0,0)(0,0)(0,0)(0,0)(0,0)(0,0)(0,0)(0,0)(0,0)(0,0)(0,0)(0,0)(0,0)(0,0)(0,0)(0,0)(0,0)(0,0)(0,0)(0,0)(0,0)(0,0)(1,1)(0,0)(0,0)
(0,0)(0,0)(1,1)(1,2)(1,2)(1,1)(1,8)(1,8)(1,1)(1,8)(1,8)(1,1)(1,8)(1,8)(1,8)(1,8)(1,8)(1,8)(1,8)(1,8)(1,8)(1,8)(1,8)(1,8)(1,8)(1,8)(1,8)(1,8)(1,1)(1,8)(1,8)(1,1)(1,8)(1,8)(1,1)(1,2)(1,2)(1,1)(0,0)(0,0)
(0,0)(0,0)(1,1)(1,2)(1,2)(1,1)(1,3)(1,3)(1,1)(1,7)(1,7)(1,1)(1,8)(1,8)(1,8)(1,8)(1,8)(1,8)(1,8)(1,8)(1,8)(1,8)(1,8)(1,8)(1,8)(1,8)(1,8)(1,8)(1,1)(1,7)(1,7)(1,1)(1,3)(1,3)(1,1)(1,2)(1,2)(1,1)(0,0)(0,0)
(0,0)(0,0)(1,1)(1,2)(1,2)(1,1)(1,3)(1,3)(1,1)(1,6)(1,6)(1,1)(1,7)(1,7)(1,7)(1,7)(1,7)(1,7)(1,7)(1,7)(1,7)(1,7)(1,7)(1,7)(1,7)(1,7)(1,7)(1,7)(1,1)(1,6)(1,6)(1,1)(1,3)(1,3)(1,1)(1,2)(1,2)(1,1)(0,0)(0,0)
(0,0)(0,0)(1,1)(1,2)(1,2)(1,1)(1,3)(1,3)(1,1)(1,6)(1,6)(1,1)(1,7)(1,7)(1,7)(1,7)(1,7)(1,7)(1,7)(1,7)(1,7)(1,7)(1,7)(1,7)(1,7)(1,7)(1,7)(1,7)(1,1)(1,6)(1,6)(1,1)(1,3)(1,3)(1,1)(1,2)(1,2)(1,1)(0,0)(0,0)
(0,0)(0,0)(1,1)(1,2)(1,2)(1,1)(1,3)(1,3)(1,1)(1,6)(1,6)(1,1)(1,6)(1,6)(1,6)(1,6)(1,6)(1,6)(1,6)(1,6)(1,6)(1,6)(1,6)(1,6)(1,6)(1,6)(1,6)(1,6)(1,1)(1,6)(1,6)(1,1)(1,3)(1,3)(1,1)(1,2)(1,2)(1,1)(0,0)(0,0)
(0,0)(0,0)(1,1)(1,2)(1,2)(1,1)(1,3)(1,3)(1,1)(1,3)(1,3)(1,1)(1,6)(1,6)(1,6)(1,6)(1,6)(1,6)(1,6)(1,6)(1,6)(1,6)(1,6)(1,6)(1,6)(1,6)(1,6)(1,6)(1,1)(1,3)(1,3)(1,1)(1,3)(1,3)(1,1)(1,2)(1,2)(1,1)(0,0)(0,0)
(0,0)(0,0)(1,1)(1,2)(1,2)(1,1)(1,3)(1,3)(1,1)(1,3)(1,3)(1,1)(1,6)(1,6)(1,6)(1,6)(1,6)(1,6)(1,6)(1,6)(1,6)(1,6)(1,6)(1,6)(1,6)(1,6)(1,6)(1,6)(1,1)(1,3)(1,3)(1,1)(1,3)(1,3)(1,1)(1,2)(1,2)(1,1)(0,0)(0,0)
(0,0)(0,0)(1,1)(1,2)(1,2)(1,1)(1,3)(1,3)(1,1)(1,3)(1,3)(1,1)(1,6)(1,6)(1,6)(1,6)(1,6)(1,6)(1,6)(1,6)(1,6)(1,6)(1,6)(1,6)(1,6)(1,6)(1,6)(1,6)(1,1)(1,3)(1,3)(1,1)(1,3)(1,3)(1,1)(1,2)(1,2)(1,1)(0,0)(0,0)
(0,0)(0,0)(1,1)(1,2)(1,2)(1,1)(1,3)(1,3)(1,1)(1,3)(1,3)(1,1)(1,3)(1,3)(1,3)(1,3)(1,3)(1,3)(1,3)(1,3)(1,3)(1,3)(1,3)(1,3)(1,3)(1,3)(1,3)(1,3)(1,1)(1,3)(1,3)(1,1)(1,3)(1,3)(1,1)(1,2)(1,2)(1,1)(0,0)(0,0)
(0,0)(0,0)(1,1)(1,2)(1,2)(1,1)(1,2)(1,2)(1,1)(1,2)(1,2)(1,1)(1,3)(1,3)(1,3)(1,3)(1,3)(1,3)(1,3)(1,3)(1,3)(1,3)(1,3)(1,3)(1,3)(1,3)(1,3)(1,3)(1,1)(1,2)(1,2)(1,1)(1,2)(1,2)(1,1)(1,2)(1,2)(1,1)(0,0)(0,0)
(0,0)(0,0)(1,1)(1,2)(1,2)(1,1)(1,2)(1,2)(1,1)(1,2)(1,2)(1,1)(1,2)(1,2)(1,2)(1,2)(1,2)(1,2)(1,2)(1,2)(1,2)(1,2)(1,2)(1,2)(1,2)(1,2)(1,2)(1,2)(1,1)(1,2)(1,2)(1,1)(1,2)(1,2)(1,1)(1,2)(1,2)(1,1)(0,0)(0,0)
(0,0)(0,0)(0,0)(0,0)(0,0)(0,0)(0,0)(0,0)(0,0)(0,0)(0,0)(0,0)(0,0)(0,0)(0,0)(0,0)(0,0)(0,0)(0,0)(0,0)(0,0)(0,0)(0,0)(0,0)(0,0)(0,0)(0,0)(0,0)(0,0)(0,0)(0,0)(0,0)(0,0)(0,0)(0,0)(0,0)(0,0)(0,0)(0,0)(0,0)
(0,0)(0,0)(0,0)(0,0)(0,0)(0,0)(0,0)(0,0)(0,0)(0,0)(0,0)(0,0)(0,0)(0,0)(0,0)(0,0)(0,0)(0,0)(0,0)(0,0)(0,0)(0,0)(0,0)(0,0)(0,0)(0,0)(0,0)(0,0)(0,0)(0,0)(0,0)(0,0)(0,0)(0,0)(0,0)(0,0)(0,0)(0,0)(0,0)(0,0)
(0,0)(0,0)(0,0)(0,0)(0,0)(0,0)(0,0)(0,0)(0,0)(0,0)(0,0)(0,0)(0,0)(0,0)(0,0)(0,0)(0,0)(0,0)(0,0)(0,0)(0,0)(0,0)(0,0)(0,0)(0,0)(0,0)(0,0)(0,0)(0,0)(0,0)(0,0)(0,0)(0,0)(0,0)(0,0)(0,0)(0,0)(0,0)(0,0)(0,0)
(0,0)(0,0)(0,0)(0,0)(0,0)(0,0)(0,0)(0,0)(0,0)(0,0)(0,0)(0,0)(0,0)(0,0)(0,0)(0,0)(0,0)(0,0)(0,0)(0,0)(0,0)(0,0)(0,0)(0,0)(0,0)(0,0)(0,0)(0,0)(0,0)(0,0)(0,0)(0,0)(0,0)(0,0)(0,0)(0,0)(0,0)(0,0)(0,0)(0,0)
(0,0)(0,0)(0,0)(0,0)(0,0)(0,0)(0,0)(0,0)(0,0)(0,0)(0,0)(0,0)(0,0)(0,0)(0,0)(0,0)(0,0)(0,0)(0,0)(0,0)(0,0)(0,0)(0,0)(0,0)(0,0)(0,0)(0,0)(0,0)(0,0)(0,0)(0,0)(0,0)(0,0)(0,0)(0,0)(0,0)(0,0)(0,0)(0,0)(0,0)
(0,0)(0,0)(0,0)(0,0)(0,0)(0,0)(0,0)(0,0)(0,0)(0,0)(0,0)(0,0)(0,0)(0,0)(0,0)(0,0)(0,0)(0,0)(0,0)(0,0)(0,0)(0,0)(0,0)(0,0)(0,0)(0,0)(0,0)(0,0)(0,0)(0,0)(0,0)(0,0)(0,0)(0,0)(0,0)(0,0)(0,0)(0,0)(0,0)(0,0)
(0,0)(0,0)(0,0)(0,0)(0,0)(0,0)(0,0)(0,0)(0,0)(0,0)(0,0)(0,0)(0,0)(0,0)(0,0)(0,0)(0,0)(0,0)(0,0)(0,0)(0,0)(0,0)(0,0)(0,0)(0,0)(0,0)(0,0)(0,0)(0,0)(0,0)(0,0)(0,0)(0,0)(0,0)(0,0)(0,0)(0,0)(0,0)(0,0)(0,0)
(0,0)(0,0)(0,0)(0,0)(0,0)(0,0)(0,0)(0,0)(0,0)(0,0)(0,0)(0,0)(0,0)(0,0)(0,0)(0,0)(0,0)(0,0)(0,0)(0,0)(0,0)(0,0)(0,0)(0,0)(0,0)(0,0)(0,0)(0,0)(0,0)(0,0)(0,0)(0,0)(0,0)(0,0)(0,0)(0,0)(0,0)(0,0)(0,0)(0,0)
(0,0)(0,0)(0,0)(0,0)(0,0)(0,0)(0,0)(0,0)(0,0)(0,0)(0,0)(0,0)(0,0)(0,0)(0,0)(0,0)(0,0)(0,0)(0,0)(0,0)(0,0)(0,0)(0,0)(0,0)(0,0)(0,0)(0,0)(0,0)(0,0)(0,0)(0,0)(0,0)(0,0)(0,0)(0,0)(0,0)(0,0)(0,0)(0,0)(0,0)
(0,0)(0,0)(0,0)(0,0)(0,0)(0,0)(0,0)(0,0)(0,0)(0,0)(0,0)(0,0)(0,0)(0,0)(0,0)(0,0)(0,0)(0,0)(0,0)(0,0)(0,0)(0,0)(0,0)(0,0)(0,0)(0,0)(0,0)(0,0)(0,0)(0,0)(0,0)(0,0)(0,0)(0,0)(0,0)(0,0)(0,0)(0,0)(0,0)(0,0)
(0,0)(0,0)(0,0)(0,0)(0,0)(0,0)(0,0)(0,0)(0,0)(0,0)(0,0)(0,0)(0,0)(0,0)(0,0)(0,0)(0,0)(0,0)(0,0)(0,0)(0,0)(0,0)(0,0)(0,0)(0,0)(0,0)(0,0)(0,0)(0,0)(0,0)(0,0)(0,0)(0,0)(0,0)(0,0)(0,0)(0,0)(0,0)(0,0)(0,0)
(0,0)(0,0)(0,0)(0,0)(0,0)(0,0)(0,0)(0,0)(0,0)(0,0)(0,0)(0,0)(0,0)(0,0)(0,0)(0,0)(0,0)(0,0)(0,0)(0,0)(0,0)(0,0)(0,0)(0,0)(0,0)(0,0)(0,0)(0,0)(0,0)(0,0)(0,0)(0,0)(0,0)(0,0)(0,0)(0,0)(0,0)(0,0)(0,0)(0,0)
(0,0)(0,0)(0,0)(0,0)(0,0)(0,0)(0,0)(0,0)(0,0)(0,0)(0,0)(0,0)(0,0)(0,0)(0,0)(0,0)(0,0)(0,0)(0,0)(0,0)(0,0)(0,0)(0,0)(0,0)(0,0)(0,0)(0,0)(0,0)(0,0)(0,0)(0,0)(0,0)(0,0)(0,0)(0,0)(0,0)(0,0)(0,0)(0,0)(0,0)
(0,0)(0,0)(0,0)(0,0)(0,0)(0,0)(0,0)(0,0)(0,0)(0,0)(0,0)(0,0)(0,0)(0,0)(0,0)(0,0)(0,0)(0,0)(0,0)(0,0)(0,0)(0,0)(0,0)(0,0)(0,0)(0,0)(0,0)(0,0)(0,0)(0,0)(0,0)(0,0)(0,0)(0,0)(0,0)(0,0)(0,0)(0,0)(0,0)(0,0)
(0,0)(0,0)(0,0)(0,0)(0,0)(0,0)(0,0)(0,0)(0,0)(0,0)(0,0)(0,0)(0,0)(0,0)(0,0)(0,0)(0,0)(0,0)(0,0)(0,0)(0,0)(0,0)(0,0)(0,0)(0,0)(0,0)(0,0)(0,0)(0,0)(0,0)(0,0)(0,0)(0,0)(0,0)(0,0)(0,0)(0,0)(0,0)(0,0)(0,0)

L3
(0,0)(0,0)(0,0)(0,0)(0,0)(0,0)(0,0)(0,0)(0,0)(0,0)(0,0)(0,0)(0,0)(0,0)(0,0)(0,0)(0,0)(0,0)(0,0)(0,0)(0,0)(0,0)(0,0)(0,0)(0,0)(0,0)(0,0)(0,0)(0,0)(0,0)(0,0)(0,0)(0,0)(0,0)(0,0)(0,0)(0,0)(0,0)(0,0)(0,0)
(0,0)(0,0)(0,0)(0,0)(0,0)(0,0)(0,0)(0,0)(0,0)(0,0)(0,0)(0,0)(0,0)(0,0)(0,0)(0,0)(0,0)(0,0)(0,0)(0,0)(0,0)(0,0)(0,0)(0,0)(0,0)(0,0)(0,0)(0,0)(0,0)(0,0)(0,0)(0,0)(0,0)(0,0)(0,0)(0,0)(0,0)(0,0)(0,0)(0,0)
(0,0)(0,0)(1,1)(1,1)(1,1)(1,1)(1,1)(1,1)(1,9)(1,1)(1,1)(1,1)(1,1)(1,1)(1,1)(1,1)(1,1)(1,9)(1,1)(1,1)(1,1)(1,1)(1,9)(1,1)(1,1)(1,1)(1,1)(1,1)(1,1)(1,1)(1,1)(1,9)(1,1)(1,1)(1,1)(1,1)(1,1)(1,1)(0,0)(0,0)
(0,0)(0,0)(1,9)(1,1)(1,1)(1,1)(1,1)(1,9)(1,9)(1,9)(1,1)(1,1)(1,1)(1,1)(1,1)(1,1)(1,9)(1,9)(1,9)(1,1)(1,1)(1,9)(1,9)(1,9)(1,1)(1,1)(1,1)(1,1)(1,1)(1,1)(1,9)(1,9)(1,9)(1,1)(1,1)(1,1)(1,1)(1,9)(0,0)(0,0)
(0,0)(0,0)(1,8)(1,9)(1,1)(1,1)(1,9)(1,8)(1,8)(1,8)(1,9)(1,1)(1,1)(1,1)(1,1)(1,9)(1,8)(1,8)(1,9)(1,1)(1,1)(1,9)(1,8)(1,8)(1,9)(1,1)(1,1)(1,1)(1,1)(1,9)(1,8)(1,8)(1,8)(1,9)(1,1)(1,1)(1,9)(1,8)(0,0)(0,0)
(0,0)(0,0)(1,8)(1,8)(1,1)(1,1)(1,8)(1,8)(1,8)(1,8)(1,8)(1,1)(1,1)(1,1)(1,1)(1,8)(1,7)(1,8)(1,9)(1,1)(1,1)(1,9)(1,8)(1,7)(1,8)(1,1)(1,1)(1,1)(1,1)(1,8)(1,8)(1,8)(1,8)(1,8)(1,1)(1,1)(1,8)(1,8)(0,0)(0,0)
(0,0)(0,0)(1,7)(1,8)(1,8)(1,8)(1,8)(1,7)(0,0)(0,0)(1,8)(1,9)(1,1)(1,1)(1,9)(1,8)(1,7)(1,8)(1,9)(1,1)(1,1)(1,9)(1,8)(1,7)(1,8)(1,9)(1,1)(1,1)(1,9)(1,8)(0,0)(0,0)(1,7)(1,8)(1,8)(1,8)(1,8)(1,7)(0,0)(0,0)
(0,0)(0,0)(0,0)(1,7)(1,8)(1,8)(1,7)(1,7)(0,0)(0,0)(0,0)(1,8)(1,1)(1,1)(1,8)(0,0)(1,7)(1,8)(1,9)(1,1)(1,1)(1,9)(1,8)(1,7)(0,0)(1,8)(1,1)(1,1)(1,8)(0,0)(0,0)(0,0)(1,7)(1,7)(1,8)(1,8)(1,7)(0,0)(0,0)(0,0)
(0,0)(0,0)(0,0)(0,0)(1,8)(1,8)(1,7)(1,7)(0,0)(0,0)(0,0)(1,8)(1,1)(1,1)(1,8)(0,0)(1,7)(1,8)(1,9)(1,1)(1,1)(1,9)(1,8)(1,7)(0,0)(1,8)(1,1)(1,1)(1,8)(0,0)(0,0)(0,0)(1,7)(1,7)(1,8)(1,8)(0,0)(0,0)(0,0)(0,0)
(0,0)(0,0)(0,0)(0,0)(1,7)(1,7)(1,7)(1,7)(0,0)(0,0)(0,0)(1,8)(1,8)(1,8)(1,8)(0,0)(0,0)(1,7)(1,8)(1,1)(1,1)(1,8)(1,7)(0,0)(0,0)(1,8)(1,8)(1,8)(1,8)(0,0)(0,0)(0,0)(1,7)(1,7)(1,7)(1,7)(0,0)(0,0)(0,0)(0,0)
(0,0)(0,0)(0,0)(0,0)(0,0)(1,7)(1,7)(1,7)(0,0)(0,0)(0,0)(0,0)(1,8)(1,8)(0,0)(0,0)(0,0)(1,7)(1,7)(1,8)(1,8)(1,7)(1,7)(0,0)(0,0)(0,0)(1,8)(1,8)(0,0)(0,0)(0,0)(0,0)(1,7)(1,7)(1,7)(0,0)(0,0)(0,0)(0,0)(0,0)
(0,0)(0,0)(1,1)(1,8)(0,0)(0,0)(1,7)(1,7)(0,0)(0,0)(0,0)(0,0)(0,0)(0,0)(0,0)(0,0)(0,0)(1,7)(1,7)(0,0)(0,0)(1,7)(1,7)(0,0)(0,0)(0,0)(0,0)(0,0)(0,0)(0,0)(0,0)(0,0)(1,7)(1,7)(0,0)(0,0)(1,8)(1,1)(0,0)(0,0)
(0,0)(0,0)(1,1)(1,8)(0,0)(0,0)(0,0)(1,7)(0,0)(0,0)(0,0)(0,0)(0,0)(0,0)(0,0)(0,0)(1,7)(1,7)(1,7)(0,0)(0,0)(1,7)(1,7)(1,7)(0,0)(0,0)(0,0)(0,0)(0,0)(0,0)(0,0)(0,0)(1,7)(0,0)(0,0)(0,0)(1,8)(1,1)(0,0)(0,0)
(0,0)(0,0)(1,1)(1,8)(0,0)(0,0)(0,0)(1,7)(1,7)(0,0)(0,0)(0,0)(0,0)(0,0)(0,0)(1,7)(1,7)(1,8)(1,8)(1,8)(1,8)(1,8)(1,8)(1,7)(1,7)(0,0)(0,0)(0,0)(0,0)(0,0)(0,0)(1,7)(1,7)(0,0)(0,0)(0,0)(1,8)(1,1)(0,0)(0,0)
(0,0)(0,0)(1,1)(0,0)(0,0)(0,0)(0,0)(1,7)(1,7)(1,7)(0,0)(0,0)(0,0)(0,0)(1,7)(1,7)(1,8)(1,1)(1,9)(1,8)(1,8)(1,9)(1,1)(1,8)(1,7)(1,7)(0,0)(0,0)(0,0)(0,0)(1,7)(1,7)(1,7)(0,0)(0,0)(0,0)(0,0)(1,1)(0,0)(0,0)
(0,0)(0,0)(1,1)(0,0)(0,0)(0,0)(0,0)(1,7)(1,8)(1,7)(1,7)(0,0)(0,0)(1,7)(1,7)(1,8)(1,9)(1,1)(1,9)(1,9)(1,9)(1,9)(1,1)(1,9)(1,8)(1,7)(1,7)(0,0)(0,0)(1,7)(1,7)(1,8)(1,7)(0,0)(0,0)(0,0)(0,0)(1,1)(0,0)(0,0)
(0,0)(0,0)(1,1)(0,0)(0,0)(0,0)(1,7)(1,8)(1,1)(1,8)(1,7)(1,7)(1,7)(1,7)(1,8)(1,9)(1,1)(1,1)(1,9)(1,9)(1,9)(1,9)(1,1)(1,1)(1,9)(1,8)(1,7)(1,7)(1,7)(1,7)(1,8)(1,1)(1,8)(1,7)(0,0)(0,0)(0,0)(0,0)(0,0)(0,0)
(0,0)(0,0)(0,0)(0,0)(0,0)(1,7)(1,8)(1,1)(1,1)(1,1)(1,8)(1,7)(1,7)(1,8)(1,9)(1,1)(1,1)(1,1)(1,1)(1,9)(1,9)(1,1)(1,1)(1,1)(1,1)(1,9)(1,8)(1,7)(1,7)(1,8)(1,1)(1,1)(1,1)(1,8)(1,7)(0,0)(0,0)(0,0)(0,0)(0,0)
(0,0)(0,0)(0,0)(0,0)(0,0)(1,8)(1,1)(1,1)(1,1)(1,1)(1,1)(1,8)(1,8)(1,1)(1,1)(1,1)(1,1)(1,1)(1,1)(1,1)(1,1)(1,1)(1,1)(1,1)(1,1)(1,1)(1,1)(1,8)(1,8)(1,1)(1,1)(1,1)(1,1)(1,1)(1,8)(0,0)(0,0)(0,0)(0,0)(0,0)
(0,0)(0,0)(0,0)(0,0)(0,0)(0,0)(0,0)(0,0)(0,0)(0,0)(0,0)(0,0)(0,0)(0,0)(0,0)(0,0)(0,0)(0,0)(0,0)(0,0)(0,0)(0,0)(0,0)(0,0)(0,0)(0,0)(0,0)(0,0)(0,0)(0,0)(0,0)(0,0)(0,0)(0,0)(0,0)(0,0)(0,0)(0,0)(0,0)(0,0)
(0,0)(0,0)(0,0)(0,0)(0,0)(0,0)(0,0)(0,0)(0,0)(0,0)(0,0)(0,0)(0,0)(0,0)(0,0)(0,0)(0,0)(0,0)(0,0)(0,0)(0,0)(0,0)(0,0)(0,0)(0,0)(0,0)(0,0)(0,0)(0,0)(0,0)(0,0)(0,0)(0,0)(0,0)(0,0)(0,0)(0,0)(0,0)(0,0)(0,0)
(0,0)(0,0)(0,0)(0,0)(0,0)(0,0)(0,0)(0,0)(0,0)(0,0)(0,0)(0,0)(0,0)(0,0)(0,0)(0,0)(0,0)(0,0)(0,0)(0,0)(0,0)(0,0)(0,0)(0,0)(0,0)(0,0)(0,0)(0,0)(0,0)(0,0)(0,0)(0,0)(0,0)(0,0)(0,0)(0,0)(0,0)(0,0)(0,0)(0,0)
(0,0)(0,0)(0,0)(0,0)(0,0)(0,0)(0,0)(0,0)(0,0)(0,0)(0,0)(0,0)(0,0)(0,0)(0,0)(0,0)(0,0)(0,0)(0,0)(0,0)(0,0)(0,0)(0,0)(0,0)(0,0)(0,0)(0,0)(0,0)(0,0)(0,0)(0,0)(0,0)(0,0)(0,0)(0,0)(0,0)(0,0)(0,0)(0,0)(0,0)
(0,0)(0,0)(0,0)(0,0)(0,0)(0,0)(0,0)(0,0)(0,0)(0,0)(0,0)(0,0)(0,0)(0,0)(0,0)(0,0)(0,0)(0,0)(0,0)(0,0)(0,0)(0,0)(0,0)(0,0)(0,0)(0,0)(0,0)(0,0)(0,0)(0,0)(0,0)(0,0)(0,0)(0,0)(0,0)(0,0)(0,0)(0,0)(0,0)(0,0)
(0,0)(0,0)(0,0)(0,0)(0,0)(0,0)(0,0)(0,0)(0,0)(0,0)(0,0)(0,0)(0,0)(0,0)(0,0)(0,0)(0,0)(0,0)(0,0)(0,0)(0,0)(0,0)(0,0)(0,0)(0,0)(0,0)(0,0)(0,0)(0,0)(0,0)(0,0)(0,0)(0,0)(0,0)(0,0)(0,0)(0,0)(0,0)(0,0)(0,0)
(0,0)(0,0)(0,0)(0,0)(0,0)(0,0)(0,0)(0,0)(0,0)(0,0)(0,0)(0,0)(0,0)(0,0)(0,0)(0,0)(0,0)(0,0)(0,0)(0,0)(0,0)(0,0)(0,0)(0,0)(0,0)(0,0)(0,0)(0,0)(0,0)(0,0)(0,0)(0,0)(0,0)(0,0)(0,0)(0,0)(0,0)(0,0)(0,0)(0,0)
(0,0)(0,0)(0,0)(0,0)(0,0)(0,0)(0,0)(0,0)(0,0)(0,0)(0,0)(0,0)(0,0)(0,0)(0,0)(0,0)(0,0)(0,0)(0,0)(0,0)(0,0)(0,0)(0,0)(0,0)(0,0)(0,0)(0,0)(0,0)(0,0)(0,0)(0,0)(0,0)(0,0)(0,0)(0,0)(0,0)(0,0)(0,0)(0,0)(0,0)
(0,0)(0,0)(0,0)(0,0)(0,0)(0,0)(0,0)(0,0)(0,0)(0,0)(0,0)(0,0)(0,0)(0,0)(0,0)(0,0)(0,0)(0,0)(0,0)(0,0)(0,0)(0,0)(0,0)(0,0)(0,0)(0,0)(0,0)(0,0)(0,0)(0,0)(0,0)(0,0)(0,0)(0,0)(0,0)(0,0)(0,0)(0,0)(0,0)(0,0)
(0,0)(0,0)(0,0)(0,0)(0,0)(0,0)(0,0)(0,0)(0,0)(0,0)(0,0)(0,0)(0,0)(0,0)(0,0)(0,0)(0,0)(0,0)(0,0)(0,0)(0,0)(0,0)(0,0)(0,0)(0,0)(0,0)(0,0)(0,0)(0,0)(0,0)(0,0)(0,0)(0,0)(0,0)(0,0)(0,0)(0,0)(0,0)(0,0)(0,0)
(0,0)(0,0)(0,0)(0,0)(0,0)(0,0)(0,0)(0,0)(0,0)(0,0)(0,0)(0,0)(0,0)(0,0)(0,0)(0,0)(0,0)(0,0)(0,0)(0,0)(0,0)(0,0)(0,0)(0,0)(0,0)(0,0)(0,0)(0,0)(0,0)(0,0)(0,0)(0,0)(0,0)(0,0)(0,0)(0,0)(0,0)(0,0)(0,0)(0,0)

L4
(0,0)(0,0)(0,0)(0,0)(0,0)(0,0)(0,0)(0,0)(0,0)(0,0)(0,0)(0,0)(0,0)(0,0)(0,0)(0,0)(0,0)(0,0)(0,0)(0,0)(0,0)(0,0)(0,0)(0,0)(0,0)(0,0)(0,0)(0,0)(0,0)(0,0)(0,0)(0,0)(0,0)(0,0)(0,0)(0,0)(0,0)(0,0)(0,0)(0,0)
(1,1)(1,1)(1,1)(1,1)(1,1)(1,1)(1,1)(1,1)(1,1)(1,1)(1,1)(1,1)(1,1)(1,1)(1,1)(1,1)(1,1)(1,1)(1,1)(1,1)(1,1)(1,1)(1,1)(1,1)(1,1)(1,1)(1,1)(1,1)(1,1)(1,1)(1,1)(1,1)(1,1)(1,1)(1,1)(1,1)(1,1)(1,1)(1,1)(1,1)
(1,1)(1,1)(1,1)(1,1)(1,1)(1,1)(1,1)(1,1)(1,1)(1,1)(1,1)(1,1)(1,1)(1,1)(1,1)(1,1)(1,1)(1,1)(1,1)(1,1)(1,1)(1,1)(1,1)(1,1)(1,1)(1,1)(1,1)(1,1)(1,1)(1,1)(1,1)(1,1)(1,1)(1,1)(1,1)(1,1)(1,1)(1,1)(1,1)(1,1)
(1,1)(1,1)(1,9)(1,9)(1,9)(1,9)(1,9)(1,9)(1,9)(1,9)(1,9)(1,9)(1,9)(1,9)(1,9)(1,9)(1,9)(1,9)(1,9)(1,9)(1,9)(1,9)(1,9)(1,9)(1,9)(1,9)(1,9)(1,9)(1,9)(1,9)(1,9)(1,9)(1,9)(1,9)(1,9)(1,9)(1,9)(1,9)(1,1)(1,1)
(1,1)(1,1)(1,9)(1,9)(1,9)(1,9)(1,9)(1,9)(1,9)(1,9)(1,9)(1,9)(1,9)(1,9)(1,9)(1,9)(1,9)(1,9)(1,9)(1,9)(1,9)(1,9)(1,9)(1,9)(1,9)(1,9)(1,9)(1,9)(1,9)(1,9)(1,9)(1,9)(1,9)(1,9)(1,9)(1,9)(1,9)(1,9)(1,1)(1,1)
(1,1)(1,1)(0,0)(0,0)(0,0)(0,0)(0,0)(0,0)(0,0)(0,0)(0,0)(0,0)(0,0)(0,0)(0,0)(0,0)(0,0)(0,0)(0,0)(0,0)(0,0)(0,0)(0,0)(0,0)(0,0)(0,0)(0,0)(0,0)(0,0)(0,0)(0,0)(0,0)(0,0)(0,0)(0,0)(0,0)(0,0)(0,0)(1,1)(1,1)
(1,1)(1,1)(1,1)(1,1)(1,1)(1,6)(1,6)(1,1)(1,1)(1,1)(1,1)(1,1)(1,5)(1,5)(1,1)(1,1)(1,1)(1,1)(1,1)(1,4)(1,4)(1,1)(1,1)(1,1)(1,1)(1,1)(1,3)(1,3)(1,1)(1,1)(1,1)(1,1)(1,1)(1,2)(0,0)(1,1)(1,1)(1,1)(1,1)(1,1)
(1,1)(1,1)(1,1)(1,1)(1,1)(1,6)(1,6)(1,1)(1,1)(1,1)(1,1)(1,1)(1,5)(1,5)(1,1)(1,1)(1,1)(1,1)(1,1)(1,4)(1,4)(1,1)(1,1)(1,1)(1,1)(1,1)(1,3)(1,3)(1,1)(1,1)(1,1)(1,1)(1,1)(1,2)(0,0)(1,1)(1,1)(1,1)(1,1)(1,1)
(1,1)(1,1)(1,7)(1,7)(1,7)(1,7)(1,7)(1,7)(1,7)(1,7)(1,7)(1,7)(1,7)(1,7)(1,7)(1,7)(1,7)(1,7)(1,7)(1,7)(1,7)(1,7)(1,7)(1,7)(1,7)(1,7)(1,7)(1,7)(1,7)(1,7)(1,7)(1,7)(1,7)(1,2)(0,0)(1,7)(1,7)(1,7)(1,1)(1,1)
(1,1)(1,1)(1,7)(1,7)(1,7)(1,7)(1,7)(1,7)(1,7)(1,7)(1,7)(1,7)(1,7)(1,7)(1,7)(1,7)(1,7)(1,7)(1,7)(1,7)(1,7)(1,7)(1,7)(1,7)(1,7)(1,7)(1,7)(1,7)(1,7)(1,7)(1,7)(1,7)(1,7)(1,2)(0,0)(1,7)(1,7)(1,7)(1,1)(1,1)
(1,1)(1,1)(0,0)(0,0)(0,0)(0,0)(0,0)(0,0)(0,0)(0,0)(0,0)(0,0)(0,0)(0,0)(0,0)(0,0)(0,0)(0,0)(0,0)(0,0)(0,0)(0,0)(0,0)(0,0)(0,0)(0,0)(0,0)(0,0)(0,0)(0,0)(0,0)(0,0)(0,0)(0,0)(0,0)(0,0)(0,0)(0,0)(1,1)(1,1)
(1,1)(1,1)(1,1)(1,1)(1,1)(1,6)(1,6)(1,1)(1,1)(1,1)(1,1)(1,1)(1,5)(1,5)(1,1)(1,1)(1,1)(1,1)(1,1)(1,4)(1,4)(1,1)(1,1)(1,1)(1,1)(1,1)(1,3)(1,3)(1,1)(1,1)(1,1)(1,1)(1,1)(1,2)(0,0)(1,1)(1,1)(1,1)(1,1)(1,1)
(1,1)(1,1)(1,1)(1,1)(1,1)(1,6)(0,0)(1,1)(1,1)(1,1)(1,1)(1,1)(1,5)(0,0)(1,1)(1,1)(1,1)(1,1)(1,1)(1,4)(0,0)(1,1)(1,1)(1,1)(1,1)(1,1)(1,3)(0,0)(1,1)(1,1)(1,1)(1,1)(1,1)(1,2)(0,0)(1,1)(1,1)(1,1)(1,1)(1,1)
(1,1)(1,1)(0,0)(0,0)(1,1)(1,6)(0,0)(1,1)(0,0)(0,0)(0,0)(1,1)(1,5)(0,0)(1,1)(0,0)(0,0)(0,0)(1,1)(1,4)(0,0)(1,1)(0,0)(0,0)(0,0)(1,1)(1,3)(0,0)(1,1)(0,0)(0,0)(0,0)(1,1)(1,2)(0,0)(1,1)(0,0)(0,0)(1,1)(1,1)
(1,1)(1,1)(0,0)(0,0)(1,1)(1,6)(0,0)(1,1)(0,0)(0,0)(0,0)(1,1)(1,5)(0,0)(1,1)(0,0)(0,0)(0,0)(1,1)(1,4)(0,0)(1,1)(0,0)(0,0)(0,0)(1,1)(1,3)(0,0)(1,1)(0,0)(0,0)(0,0)(1,1)(1,2)(0,0)(1,1)(0,0)(0,0)(1,1)(1,1)
(1,1)(1,1)(0,0)(0,0)(1,1)(1,6)(0,0)(1,1)(0,0)(0,0)(0,0)(1,1)(1,5)(0,0)(1,1)(0,0)(0,0)(0,0)(1,1)(1,4)(0,0)(1,1)(0,0)(0,0)(0,0)(1,1)(1,3)(0,0)(1,1)(0,0)(0,0)(0,0)(1,1)(1,2)(0,0)(1,1)(0,0)(0,0)(1,1)(1,1)
(1,1)(1,1)(0,0)(0,0)(1,1)(1,6)(0,0)(1,1)(0,0)(0,0)(0,0)(1,1)(1,5)(0,0)(1,1)(0,0)(0,0)(0,0)(1,1)(1,4)(0,0)(1,1)(0,0)(0,0)(0,0)(1,1)(1,3)(0,0)(1,1)(0,0)(0,0)(0,0)(1,1)(1,2)(0,0)(1,1)(0,0)(0,0)(1,1)(1,1)
(1,1)(1,1)(1,1)(1,1)(1,1)(1,6)(0,0)(1,1)(1,1)(1,1)(1,1)(1,1)(1,5)(0,0)(1,1)(1,1)(1,1)(1,1)(1,1)(1,4)(0,0)(1,1)(1,1)(1,1)(1,1)(1,1)(1,3)(0,0)(1,1)(1,1)(1,1)(1,1)(1,1)(1,2)(0,0)(1,1)(0,0)(0,0)(1,1)(1,1)
(1,1)(1,1)(1,1)(1,1)(1,1)(1,6)(1,6)(1,1)(1,1)(1,1)(1,1)(1,1)(1,5)(1,5)(1,1)(1,1)(1,1)(1,1)(1,1)(1,4)(1,4)(1,1)(1,1)(1,1)(1,1)(1,1)(1,3)(1,3)(1,1)(1,1)(1,1)(1,1)(1,1)(1,2)(1,2)(1,1)(1,1)(1,1)(1,1)(1,1)
(0,0)(0,0)(0,0)(0,0)(0,0)(0,0)(0,0)(0,0)(0,0)(0,0)(0,0)(0,0)(0,0)(0,0)(0,0)(0,0)(0,0)(0,0)(0,0)(0,0)(0,0)(0,0)(0,0)(0,0)(0,0)(0,0)(0,0)(0,0)(0,0)(0,0)(0,0)(0,0)(0,0)(0,0)(0,0)(0,0)(0,0)(0,0)(0,0)(0,0)
(0,0)(0,0)(0,0)(0,0)(0,0)(0,0)(0,0)(0,0)(0,0)(0,0)(0,0)(0,0)(0,0)(0,0)(0,0)(0,0)(0,0)(0,0)(0,0)(0,0)(0,0)(0,0)(0,0)(0,0)(0,0)(0,0)(0,0)(0,0)(0,0)(0,0)(0,0)(0,0)(0,0)(0,0)(0,0)(0,0)(0,0)(0,0)(0,0)(0,0)
(0,0)(0,0)(0,0)(0,0)(0,0)(0,0)(0,0)(0,0)(0,0)(0,0)(0,0)(0,0)(0,0)(0,0)(0,0)(0,0)(0,0)(0,0)(0,0)(0,0)(0,0)(0,0)(0,0)(0,0)(0,0)(0,0)(0,0)(0,0)(0,0)(0,0)(0,0)(0,0)(0,0)(0,0)(0,0)(0,0)(0,0)(0,0)(0,0)(0,0)
(0,0)(0,0)(0,0)(0,0)(0,0)(0,0)(0,0)(0,0)(0,0)(0,0)(0,0)(0,0)(0,0)(0,0)(0,0)(0,0)(0,0)(0,0)(0,0)(0,0)(0,0)(0,0)(0,0)(0,0)(0,0)(0,0)(0,0)(0,0)(0,0)(0,0)(0,0)(0,0)(0,0)(0,0)(0,0)(0,0)(0,0)(0,0)(0,0)(0,0)
(0,0)(0,0)(0,0)(0,0)(0,0)(0,0)(0,0)(0,0)(0,0)(0,0)(0,0)(0,0)(0,0)(0,0)(0,0)(0,0)(0,0)(0,0)(0,0)(0,0)(0,0)(0,0)(0,0)(0,0)(0,0)(0,0)(0,0)(0,0)(0,0)(0,0)(0,0)(0,0)(0,0)(0,0)(0,0)(0,0)(0,0)(0,0)(0,0)(0,0)
(0,0)(0,0)(0,0)(0,0)(0,0)(0,0)(0,0)(0,0)(0,0)(0,0)(0,0)(0,0)(0,0)(0,0)(0,0)(0,0)(0,0)(0,0)(0,0)(0,0)(0,0)(0,0)(0,0)(0,0)(0,0)(0,0)(0,0)(0,0)(0,0)(0,0)(0,0)(0,0)(0,0)(0,0)(0,0)(0,0)(0,0)(0,0)(0,0)(0,0)
(0,0)(0,0)(0,0)(0,0)(0,0)(0,0)(0,0)(0,0)(0,0)(0,0)(0,0)(0,0)(0,0)(0,0)(0,0)(0,0)(0,0)(0,0)(0,0)(0,0)(0,0)(0,0)(0,0)(0,0)(0,0)(0,0)(0,0)(0,0)(0,0)(0,0)(0,0)(0,0)(0,0)(0,0)(0,0)(0,0)(0,0)(0,0)(0,0)(0,0)
(0,0)(0,0)(0,0)(0,0)(0,0)(0,0)(0,0)(0,0)(0,0)(0,0)(0,0)(0,0)(0,0)(0,0)(0,0)(0,0)(0,0)(0,0)(0,0)(0,0)(0,0)(0,0)(0,0)(0,0)(0,0)(0,0)(0,0)(0,0)(0,0)(0,0)(0,0)(0,0)(0,0)(0,0)(0,0)(0,0)(0,0)(0,0)(0,0)(0,0)
(0,0)(0,0)(0,0)(0,0)(0,0)(0,0)(0,0)(0,0)(0,0)(0,0)(0,0)(0,0)(0,0)(0,0)(0,0)(0,0)(0,0)(0,0)(0,0)(0,0)(0,0)(0,0)(0,0)(0,0)(0,0)(0,0)(0,0)(0,0)(0,0)(0,0)(0,0)(0,0)(0,0)(0,0)(0,0)(0,0)(0,0)(0,0)(0,0)(0,0)
(0,0)(0,0)(0,0)(0,0)(0,0)(0,0)(0,0)(0,0)(0,0)(0,0)(0,0)(0,0)(0,0)(0,0)(0,0)(0,0)(0,0)(0,0)(0,0)(0,0)(0,0)(0,0)(0,0)(0,0)(0,0)(0,0)(0,0)(0,0)(0,0)(0,0)(0,0)(0,0)(0,0)(0,0)(0,0)(0,0)(0,0)(0,0)(0,0)(0,0)
(0,0)(0,0)(0,0)(0,0)(0,0)(0,0)(0,0)(0,0)(0,0)(0,0)(0,0)(0,0)(0,0)(0,0)(0,0)(0,0)(0,0)(0,0)(0,0)(0,0)(0,0)(0,0)(0,0)(0,0)(0,0)(0,0)(0,0)(0,0)(0,0)(0,0)(0,0)(0,0)(0,0)(0,0)(0,0)(0,0)(0,0)(0,0)(0,0)(0,0)
(0,0)(0,0)(0,0)(0,0)(0,0)(0,0)(0,0)(0,0)(0,0)(0,0)(0,0)(0,0)(0,0)(0,0)(0,0)(0,0)(0,0)(0,0)(0,0)(0,0)(0,0)(0,0)(0,0)(0,0)(0,0)(0,0)(0,0)(0,0)(0,0)(0,0)(0,0)(0,0)(0,0)(0,0)(0,0)(0,0)(0,0)(0,0)(0,0)(0,0)

L5
(0,0)(0,0)(0,0)(0,0)(0,0)(0,0)(0,0)(0,0)(0,0)(0,0)(0,0)(0,0)(0,0)(0,0)(0,0)(0,0)(0,0)(0,0)(0,0)(0,0)(0,0)(0,0)(0,0)(0,0)(0,0)(0,0)(0,0)(0,0)(0,0)(0,0)(0,0)(0,0)(0,0)(0,0)(0,0)(0,0)(0,0)(0,0)(0,0)(0,0)
(0,0)(1,1)(0,0)(1,4)(1,4)(1,4)(1,4)(1,4)(1,4)(1,4)(1,4)(1,6)(1,6)(1,6)(1,6)(1,6)(1,6)(1,6)(1,6)(1,6)(1,6)(1,6)(1,6)(1,6)(1,6)(1,6)(1,6)(0,0)(0,0)(1,4)(1,4)(1,4)(1,4)(1,4)(1,4)(1,4)(1,4)(0,0)(1,1)(0,0)
(0,0)(1,1)(0,0)(0,0)(0,0)(1,4)(1,4)(1,4)(1,4)(1,4)(1,4)(1,4)(0,0)(0,0)(0,0)(1,6)(1,6)(1,6)(1,6)(1,6)(1,6)(1,6)(1,6)(1,6)(1,6)(0,0)(0,0)(0,0)(1,4)(1,4)(1,4)(1,4)(1,4)(1,4)(1,4)(0,0)(0,0)(0,0)(1,1)(0,0)
(0,0)(1,1)(0,0)(0,0)(0,0)(0,0)(0,0)(1,4)(1,4)(1,4)(1,4)(1,4)(1,4)(0,0)(0,0)(0,0)(0,0)(0,0)(1,6)(1,6)(1,6)(1,6)(1,6)(1,6)(0,0)(0,0)(0,0)(1,4)(1,4)(1,4)(1,4)(1,4)(1,4)(0,0)(0,0)(0,0)(0,0)(0,0)(1,1)(0,0)
(0,0)(1,1)(0,0)(0,0)(0,0)(0,0)(0,0)(0,0)(0,0)(1,4)(1,4)(1,4)(1,4)(1,4)(0,0)(0,0)(0,0)(1,6)(1,6)(1,6)(1,6)(1,6)(1,6)(0,0)(0,0)(0,0)(1,4)(1,4)(1,4)(1,4)(1,4)(0,0)(0,0)(0,0)(0,0)(0,0)(0,0)(0,0)(1,1)(0,0)
(0,0)(1,1)(0,0)(0,0)(0,0)(0,0)(0,0)(0,0)(0,0)(0,0)(0,0)(1,4)(1,4)(1,4)(1,4)(0,0)(1,6)(1,6)(1,6)(1,6)(1,6)(0,0)(0,0)(0,0)(0,0)(1,4)(1,4)(1,4)(1,4)(0,0)(0,0)(0,0)(0,0)(0,0)(0,0)(0,0)(0,0)(0,0)(1,1)(0,0)
(0,0)(1,1)(0,0)(0,0)(0,0)(0,0)(0,0)(0,0)(0,0)(0,0)(0,0)(0,0)(0,0)(1,4)(1,4)(1,4)(0,0)(1,6)(1,6)(1,6)(0,0)(0,0)(0,0)(0,0)(1,4)(1,4)(1,4)(0,0)(0,0)(0,0)(0,0)(0,0)(0,0)(0,0)(0,0)(0,0)(0,0)(0,0)(1,1)(0,0)
(0,0)(1,1)(0,0)(0,0)(0,0)(0,0)(0,0)(0,0)(0,0)(0,0)(0,0)(0,0)(0,0)(0,0)(0,0)(1,4)(1,4)(0,0)(1,6)(1,6)(1,6)(0,0)(0,0)(1,4)(1,4)(0,0)(0,0)(0,0)(0,0)(0,0)(0,0)(0,0)(0,0)(0,0)(0,0)(0,0)(0,0)(0,0)(1,1)(0,0)
(0,0)(1,1)(0,0)(1,1)(1,2)(0,0)(0,0)(0,0)(0,0)(0,0)(0,0)(0,0)(0,0)(0,0)(0,0)(0,0)(0,0)(0,0)(1,6)(1,6)(1,6)(1,6)(0,0)(0,0)(0,0)(0,0)(0,0)(0,0)(0,0)(0,0)(0,0)(0,0)(0,0)(0,0)(0,0)(1,2)(1,1)(0,0)(1,1)(0,0)
(0,0)(1,1)(0,0)(1,1)(1,2)(0,0)(0,0)(0,0)(0,0)(0,0)(0,0)(0,0)(0,0)(0,0)(0,0)(0,0)(0,0)(0,0)(0,0)(1,6)(1,6)(1,6)(0,0)(0,0)(0,0)(0,0)(0,0)(0,0)(0,0)(0,0)(0,0)(0,0)(0,0)(0,0)(0,0)(1,2)(1,1)(0,0)(1,1)(0,0)
(0,0)(1,1)(0,0)(1,1)(1,2)(0,0)(0,0)(0,0)(0,0)(0,0)(0,0)(0,0)(0,0)(0,0)(0,0)(0,0)(0,0)(0,0)(0,0)(0,0)(1,6)(1,6)(1,6)(0,0)(0,0)(0,0)(0,0)(0,0)(0,0)(0,0)(0,0)(0,0)(0,0)(0,0)(0,0)(1,2)(1,1)(0,0)(1,1)(0,0)
(0,0)(1,1)(0,0)(1,1)(1,2)(0,0)(0,0)(0,0)(0,0)(0,0)(0,0)(0,0)(0,0)(0,0)(0,0)(0,0)(0,0)(0,0)(0,0)(0,0)(0,0)(1,6)(1,6)(0,0)(0,0)(0,0)(0,0)(0,0)(0,0)(0,0)(0,0)(0,0)(0,0)(0,0)(0,0)(1,2)(1,1)(0,0)(1,1)(0,0)
(0,0)(1,1)(0,0)(1,1)(1,2)(0,0)(0,0)(0,0)(0,0)(0,0)(0,0)(0,0)(0,0)(0,0)(0,0)(0,0)(0,0)(0,0)(0,0)(0,0)(0,0)(1,6)(1,6)(0,0)(0,0)(0,0)(0,0)(0,0)(0,0)(0,0)(0,0)(0,0)(0,0)(0,0)(0,0)(1,2)(1,1)(0,0)(1,1)(0,0)
(0,0)(1,1)(0,0)(1,1)(1,2)(1,2)(0,0)(0,0)(0,0)(0,0)(0,0)(0,0)(0,0)(0,0)(0,0)(0,0)(0,0)(0,0)(0,0)(1,6)(1,6)(1,6)(0,0)(0,0)(0,0)(0,0)(0,0)(0,0)(0,0)(0,0)(0,0)(0,0)(0,0)(0,0)(1,2)(1,2)(1,1)(0,0)(1,1)(0,0)
(0,0)(1,1)(0,0)(1,1)(1,1)(1,2)(0,0)(0,0)(0,0)(0,0)(0,0)(0,0)(0,0)(0,0)(0,0)(0,0)(0,0)(0,0)(1,6)(1,6)(0,0)(0,0)(0,0)(0,0)(0,0)(0,0)(0,0)(0,0)(0,0)(0,0)(0,0)(0,0)(0,0)(0,0)(1,2)(1,1)(1,1)(0,0)(1,1)(0,0)
(0,0)(1,1)(0,0)(1,1)(1,1)(1,2)(1,2)(0,0)(0,0)(0,0)(0,0)(0,0)(0,0)(0,0)(0,0)(0,0)(0,0)(1,6)(0,0)(0,0)(0,0)(0,0)(0,0)(0,0)(0,0)(0,0)(0,0)(0,0)(0,0)(0,0)(0,0)(0,0)(0,0)(1,2)(1,2)(1,1)(1,1)(0,0)(1,1)(0,0)
(0,0)(1,1)(0,0)(1,1)(1,1)(1,1)(1,2)(1,2)(1,2)(0,0)(0,0)(0,0)(0,0)(0,0)(0,0)(0,0)(0,0)(1,6)(0,0)(0,0)(0,0)(0,0)(0,0)(0,0)(0,0)(0,0)(0,0)(0,0)(0,0)(0,0)(0,0)(1,2)(1,2)(1,2)(1,1)(1,1)(1,1)(0,0)(1,1)(0,0)
(0,0)(1,1)(0,0)(1,1)(1,1)(1,1)(1,1)(1,1)(1,1)(0,0)(0,0)(0,0)(0,0)(0,0)(0,0)(0,0)(0,0)(0,0)(1,6)(0,0)(0,0)(0,0)(0,0)(0,0)(0,0)(0,0)(0,0)(0,0)(0,0)(0,0)(0,0)(1,1)(1,1)(1,1)(1,1)(1,1)(1,1)(0,0)(1,1)(0,0)
(0,0)(1,1)(1,9)(1,1)(1,1)(1,1)(1,1)(1,1)(1,1)(1,1)(1,1)(1,1)(1,1)(1,1)(1,1)(1,2)(1,2)(1,2)(1,2)(1,6)(1,2)(1,2)(1,2)(1,2)(1,2)(1,1)(1,1)(1,1)(1,1)(1,1)(1,1)(1,1)(1,1)(1,1)(1,1)(1,1)(1,1)(1,9)(1,1)(0,0)
(0,0)(0,0)(0,0)(0,0)(0,0)(0,0)(0,0)(0,0)(0,0)(0,0)(0,0)(0,0)(0,0)(0,0)(0,0)(0,0)(0,0)(0,0)(0,0)(0,0)(0,0)(0,0)(0,0)(0,0)(0,0)(0,0)(0,0)(0,0)(0,0)(0,0)(0,0)(0,0)(0,0)(0,0)(0,0)(0,0)(0,0)(0,0)(0,0)(0,0)
(0,0)(0,0)(0,0)(0,0)(0,0)(0,0)(0,0)(0,0)(0,0)(0,0)(0,0)(0,0)(0,0)(0,0)(0,0)(0,0)(0,0)(0,0)(0,0)(0,0)(0,0)(0,0)(0,0)(0,0)(0,0)(0,0)(0,0)(0,0)(0,0)(0,0)(0,0)(0,0)(0,0)(0,0)(0,0)(0,0)(0,0)(0,0)(0,0)(0,0)
(0,0)(0,0)(0,0)(0,0)(0,0)(0,0)(0,0)(0,0)(0,0)(0,0)(0,0)(0,0)(0,0)(0,0)(0,0)(0,0)(0,0)(0,0)(0,0)(0,0)(0,0)(0,0)(0,0)(0,0)(0,0)(0,0)(0,0)(0,0)(0,0)(0,0)(0,0)(0,0)(0,0)(0,0)(0,0)(0,0)(0,0)(0,0)(0,0)(0,0)
(0,0)(0,0)(0,0)(0,0)(0,0)(0,0)(0,0)(0,0)(0,0)(0,0)(0,0)(0,0)(0,0)(0,0)(0,0)(0,0)(0,0)(0,0)(0,0)(0,0)(0,0)(0,0)(0,0)(0,0)(0,0)(0,0)(0,0)(0,0)(0,0)(0,0)(0,0)(0,0)(0,0)(0,0)(0,0)(0,0)(0,0)(0,0)(0,0)(0,0)
(0,0)(0,0)(0,0)(0,0)(0,0)(0,0)(0,0)(0,0)(0,0)(0,0)(0,0)(0,0)(0,0)(0,0)(0,0)(0,0)(0,0)(0,0)(0,0)(0,0)(0,0)(0,0)(0,0)(0,0)(0,0)(0,0)(0,0)(0,0)(0,0)(0,0)(0,0)(0,0)(0,0)(0,0)(0,0)(0,0)(0,0)(0,0)(0,0)(0,0)
(0,0)(0,0)(0,0)(0,0)(0,0)(0,0)(0,0)(0,0)(0,0)(0,0)(0,0)(0,0)(0,0)(0,0)(0,0)(0,0)(0,0)(0,0)(0,0)(0,0)(0,0)(0,0)(0,0)(0,0)(0,0)(0,0)(0,0)(0,0)(0,0)(0,0)(0,0)(0,0)(0,0)(0,0)(0,0)(0,0)(0,0)(0,0)(0,0)(0,0)
(0,0)(0,0)(0,0)(0,0)(0,0)(0,0)(0,0)(0,0)(0,0)(0,0)(0,0)(0,0)(0,0)(0,0)(0,0)(0,0)(0,0)(0,0)(0,0)(0,0)(0,0)(0,0)(0,0)(0,0)(0,0)(0,0)(0,0)(0,0)(0,0)(0,0)(0,0)(0,0)(0,0)(0,0)(0,0)(0,0)(0,0)(0,0)(0,0)(0,0)
(0,0)(0,0)(0,0)(0,0)(0,0)(0,0)(0,0)(0,0)(0,0)(0,0)(0,0)(0,0)(0,0)(0,0)(0,0)(0,0)(0,0)(0,0)(0,0)(0,0)(0,0)(0,0)(0,0)(0,0)(0,0)(0,0)(0,0)(0,0)(0,0)(0,0)(0,0)(0,0)(0,0)(0,0)(0,0)(0,0)(0,0)(0,0)(0,0)(0,0)
(0,0)(0,0)(0,0)(0,0)(0,0)(0,0)(0,0)(0,0)(0,0)(0,0)(0,0)(0,0)(0,0)(0,0)(0,0)(0,0)(0,0)(0,0)(0,0)(0,0)(0,0)(0,0)(0,0)(0,0)(0,0)(0,0)(0,0)(0,0)(0,0)(0,0)(0,0)(0,0)(0,0)(0,0)(0,0)(0,0)(0,0)(0,0)(0,0)(0,0)
(0,0)(0,0)(0,0)(0,0)(0,0)(0,0)(0,0)(0,0)(0,0)(0,0)(0,0)(0,0)(0,0)(0,0)(0,0)(0,0)(0,0)(0,0)(0,0)(0,0)(0,0)(0,0)(0,0)(0,0)(0,0)(0,0)(0,0)(0,0)(0,0)(0,0)(0,0)(0,0)(0,0)(0,0)(0,0)(0,0)(0,0)(0,0)(0,0)(0,0)
(0,0)(0,0)(0,0)(0,0)(0,0)(0,0)(0,0)(0,0)(0,0)(0,0)(0,0)(0,0)(0,0)(0,0)(0,0)(0,0)(0,0)(0,0)(0,0)(0,0)(0,0)(0,0)(0,0)(0,0)(0,0)(0,0)(0,0)(0,0)(0,0)(0,0)(0,0)(0,0)(0,0)(0,0)(0,0)(0,0)(0,0)(0,0)(0,0)(0,0)
